2 0.95702157 0.59888088 0.08595685 0.07936452
2 0.07900716 0.73869213 0.15784505 0.39110340
2 0.34433702 0.71687500 0.29627387 0.36553241
2 0.07803385 0.47445988 0.14075087 0.09000772
2 0.80462515 0.63026358 0.17623592 0.14005504
2 0.79177218 0.54101740 0.05605119 0.03532499
2 0.74034332 0.54255991 0.05320408 0.03858074
2 0.64653612 0.53695948 0.07420569 0.04978160
2 0.65746333 0.66453578 0.19824177 0.21474884
2 0.40584206 0.50251341 0.09063377 0.07041281
2 0.54802848 0.69295334 0.26120452 0.25753468
2 0.84430741 0.61496127 0.16748248 0.12501209
2 0.55867939 0.53198132 0.11410875 0.05973791
2 0.28740859 0.49588967 0.10220784 0.06222699
2 0.74495586 0.64764078 0.18703183 0.17169710
2 0.90470614 0.61470191 0.16339755 0.12553081
