2 0.24226449 0.47348184 0.09420365 0.08338342
2 0.23944106 0.42232628 0.10090361 0.05354752
2 0.42042431 0.19769115 0.04821387 0.03544367
2 0.10069524 0.27482331 0.05684783 0.02801741
2 0.34340603 0.21320216 0.06531467 0.06028549
0 0.37353950 0.21543017 0.00555556 0.03336034
2 0.29598199 0.24316165 0.04877387 0.03429398
2 0.27712999 0.28209877 0.07687283 0.04371142
3 0.09815972 0.85617863 0.15496528 0.16373071
2 0.28893772 0.25976273 0.05052300 0.03892361
2 0.28871094 0.21424769 0.04855469 0.03945216
2 0.26753147 0.31982253 0.08265842 0.06510802
2 0.19621745 0.50273534 0.08407986 0.21500772
2 0.27327474 0.35805748 0.07730469 0.06155478
2 0.48580187 0.48412616 0.11060113 0.08864583
2 0.51956597 0.57402006 0.14976128 0.14896605
