2 0.74714211 0.58262159 0.08982205 0.09201787
2 0.43571253 0.49152202 0.04665475 0.03452171
2 0.38089410 0.58728781 0.23175347 0.18685957
2 0.17450087 0.65511381 0.34900174 0.27255015
2 0.07478427 0.51190677 0.14956854 0.12700369
2 0.45182557 0.47537230 0.03440605 0.02919576
2 0.51488690 0.55608210 0.11477068 0.09370179
2 0.47201497 0.57401546 0.13545008 0.12867183
0 0.28022613 0.49622953 0.01107105 0.01614002
2 0.30974471 0.48255534 0.06960384 0.03183171
0 0.20811302 0.49017702 0.02471441 0.05066173
2 0.54414069 0.54464959 0.09661316 0.08070011
0 0.24618815 0.50104167 0.02978950 0.04696759
