2 0.27791406 0.98670833 0.03285938 0.02050000
2 0.36514844 0.98983333 0.03835938 0.01979167
2 0.76692187 0.98169792 0.01621875 0.01706250
2 0.41683594 0.96409375 0.02923437 0.01843750
2 0.55216406 0.96848958 0.03060938 0.01785417
2 0.69828125 0.92777083 0.02740625 0.01591667
2 0.56384375 0.94022917 0.02800000 0.01904167
2 0.50709375 0.95064583 0.03059375 0.01725000
2 0.71817188 0.93840625 0.01990625 0.01443750
2 0.76365625 0.92105208 0.02575000 0.01860417
7 0.24393750 0.97635417 0.05081250 0.02770833
7 0.43919531 0.94248958 0.07701563 0.03493750
2 0.63109375 0.93139583 0.03450000 0.01875000
2 0.87507812 0.93693750 0.02587500 0.01875000
2 0.77578906 0.98916667 0.01776563 0.01691667
2 0.86948438 0.91137500 0.01596875 0.01875000
7 0.76806250 0.95633333 0.02850000 0.04937500
