2 0.37517188 0.96428125 0.03240625 0.02839583
7 0.49645312 0.97171875 0.08956250 0.04789583
2 0.65258594 0.95081250 0.03798438 0.02095833
2 0.69993750 0.91906250 0.02440625 0.01591667
2 0.71259375 0.93544792 0.02440625 0.01831250
2 0.73853906 0.93038542 0.02314063 0.01493750
2 0.78672656 0.90701042 0.02729688 0.01831250
2 0.77569531 0.92425000 0.02585938 0.01662500
2 0.79395313 0.93581250 0.02512500 0.02000000
2 0.77578125 0.95932292 0.02168750 0.01735417
2 0.76683594 0.99267708 0.01935937 0.01464583
2 0.79123437 0.99150000 0.02440625 0.01375000
2 0.76502344 0.97739583 0.02079687 0.01687500
7 0.15475000 0.83777083 0.05206250 0.02637500
