2 0.55906250 0.86354167 0.09593750 0.16452778
0 0.73528125 0.72311111 0.01689063 0.06725000
2 0.22553516 0.38628472 0.03749219 0.08895833
2 0.94820703 0.95886111 0.10313281 0.08066667
2 0.34483984 0.24225694 0.04019531 0.06831944
2 0.04473438 0.61691667 0.05126563 0.12211111
2 0.94300391 0.35292361 0.08441406 0.07954167
0 0.18842969 0.16539583 0.00642187 0.02187500
7 0.26141016 0.03815278 0.01960156 0.01886111
2 0.41361328 0.24719444 0.04566406 0.07100000
2 0.17705469 0.44920139 0.04551562 0.09254167
2 0.47239063 0.05717361 0.04285938 0.03668056
0 0.72158203 0.71720139 0.02194531 0.07245833
2 0.59922266 0.37247222 0.07394531 0.06761111
2 0.27551953 0.33180556 0.04433594 0.07802778
2 0.72831250 0.22271528 0.05637500 0.05859722
2 0.42120703 0.86372222 0.13625781 0.13644444
2 0.57627734 0.43897222 0.08264844 0.07719444
2 0.94537891 0.49459722 0.08561719 0.08766667
2 0.66139453 0.53259722 0.07950781 0.09944444
2 0.71026172 0.31953472 0.06958594 0.06951389
2 0.67557813 0.43905556 0.07642188 0.08633333
2 0.71718359 0.26379861 0.05702344 0.06973611
0 0.01821484 0.30761111 0.00910156 0.02683333
