2 0.40441081 0.20883488 0.02576606 0.04043210
2 0.26184787 0.35781636 0.09705512 0.05296296
2 0.48501411 0.48672068 0.10794054 0.08602623
0 0.02289503 0.16623442 0.01072563 0.03333110
2 0.31365076 0.16127034 0.01606020 0.02388963
2 0.29307028 0.21082271 0.04509737 0.02547611
3 0.13251765 0.72850168 0.09473860 0.09461095
2 0.06930240 0.19506132 0.03411934 0.03423194
3 0.09245550 0.84903166 0.14816191 0.15145837
2 0.54612299 0.63888880 0.14553602 0.12577142
2 0.19478082 0.52706975 0.07944878 0.16764258
2 0.65383894 0.95822353 0.19483066 0.07740355
2 0.23094949 0.43664156 0.11367849 0.07666281
0 0.33561415 0.18415702 0.00561632 0.02981867
2 0.28924154 0.25628858 0.04721137 0.04321759
0 0.32731988 0.18030671 0.00691840 0.03171682
2 0.28204536 0.29906443 0.05863064 0.04396991
2 0.30030707 0.23303048 0.04876085 0.03864583
2 0.23970269 0.40089699 0.09697049 0.06093750
2 0.10346463 0.27621528 0.04016276 0.03023148
2 0.00738607 0.24089120 0.01465495 0.03790895
2 0.27430881 0.31823302 0.06852648 0.04575617
2 0.04690972 0.21430363 0.03718750 0.04011188
2 0.02108507 0.22804398 0.04214410 0.04361111
