2 0.31413520 0.16472801 0.02896050 0.02549769
2 0.29163845 0.24778935 0.06121962 0.05312500
2 0.09861762 0.27725309 0.04572917 0.02631173
2 0.57420245 0.70718373 0.15901697 0.14431327
3 0.09138455 0.85946181 0.14141493 0.16097608
2 0.27715278 0.27643326 0.07351997 0.06185571
0 0.49603299 0.07166088 0.00524306 0.02579861
2 0.25324436 0.47154321 0.08611111 0.09114969
2 0.19378583 0.52655848 0.08310118 0.16456790
2 0.48282118 0.45633102 0.10046007 0.08349537
2 0.25578559 0.38376157 0.08503472 0.06990741
2 0.51939887 0.57815586 0.14295139 0.12415123
