2 0.77206153 0.55834681 0.02493903 0.03650849
2 0.08382161 0.74124035 0.16764323 0.35203318
2 0.20590929 0.65222608 0.28205295 0.29343364
2 0.43045573 0.57978202 0.09952691 0.15289738
2 0.45170482 0.47448646 0.03489786 0.02909133
2 0.54546604 0.54921388 0.08207139 0.07548306
2 0.52577721 0.55504902 0.09380416 0.09132158
2 0.61221487 0.49714001 0.01097347 0.01345047
2 0.32438567 0.61408172 0.20160292 0.20208469
2 0.45016651 0.57130434 0.12686187 0.12216501
2 0.43646280 0.49317459 0.04923488 0.03751229
2 0.30797150 0.48544289 0.07129679 0.03546995
2 0.50362152 0.56359348 0.08231602 0.10174166
2 0.60176970 0.49591426 0.01308386 0.01397358
