3 0.13270833 0.73036458 0.09037326 0.11673225
2 0.48248264 0.48992670 0.10065972 0.09013889
2 0.51978299 0.58421875 0.13314236 0.11488040
2 0.62375217 0.36907793 0.06248698 0.05378858
2 0.27567600 0.31326389 0.07762370 0.05128858
2 0.29516168 0.23297261 0.05848741 0.03976466
2 0.19488932 0.53087770 0.08210503 0.17348380
2 0.42261940 0.20032037 0.04755635 0.03381944
2 0.23503685 0.43799969 0.11799036 0.08780494
2 0.27380642 0.28370370 0.07279514 0.04923611
2 0.29284397 0.26116512 0.04777995 0.03733796
2 0.28973524 0.20882909 0.04949219 0.03673997
2 0.50734266 0.52519290 0.10787109 0.08266975
2 0.23843444 0.39398847 0.10077835 0.04312376
