2 0.19389536 0.52413969 0.08266920 0.17128858
2 0.55581919 0.71427859 0.16982863 0.15338735
3 0.09183038 0.85141631 0.14174718 0.16127679
3 0.15289367 0.68405129 0.09982306 0.12398314
0 0.43027344 0.26017747 0.00917101 0.04481481
2 0.28541558 0.25623264 0.07429905 0.05919367
3 0.35258898 0.32565972 0.01732639 0.03624228
2 0.29057400 0.21858796 0.04431641 0.03057870
0 0.45564236 0.30860147 0.01099826 0.04809799
0 0.35329861 0.30898534 0.01502170 0.03863426
2 0.05160373 0.21189429 0.04592882 0.03958333
2 0.29047418 0.20022762 0.04242839 0.02342593
2 0.24089410 0.43682677 0.09902344 0.07907793
2 0.49509192 0.47931520 0.10059134 0.07101514
2 0.50072067 0.51643676 0.10603852 0.06520481
2 0.26002062 0.35396219 0.09032335 0.06141204
2 0.06571547 0.19617128 0.02599000 0.03148658
2 0.02079861 0.22327932 0.04132813 0.04347222
7 0.36821822 0.13602623 0.01874875 0.03047844
2 0.32056412 0.16128933 0.01942455 0.02538892
2 0.40553168 0.30692323 0.03654080 0.05457176
2 0.52031250 0.58128279 0.14236111 0.10971065
2 0.10425130 0.27175733 0.04164931 0.03646219
0 0.40049913 0.14101080 0.00889757 0.02199074
2 0.46570967 0.44518525 0.10621088 0.07447544
