2 0.04848633 0.21021798 0.03606554 0.03854552
2 0.50683485 0.58135224 0.13122179 0.10987269
2 0.01801758 0.23034144 0.03587023 0.04292824
2 0.28969510 0.22007137 0.04896918 0.03510417
2 0.10534939 0.27104938 0.04226997 0.03465278
2 0.27839844 0.28529707 0.07466146 0.04915895
2 0.47826844 0.47319236 0.09774762 0.05031652
2 0.28235681 0.25575625 0.06627613 0.03547068
2 0.48883574 0.44545137 0.07666880 0.06264664
2 0.48469298 0.52278156 0.12423384 0.08406651
2 0.19642583 0.52609936 0.07796451 0.16618827
2 0.56689347 0.71571386 0.17220264 0.15263117
2 0.31302517 0.16827546 0.02791667 0.02648148
2 0.29531901 0.20398148 0.04311198 0.03125000
3 0.09541016 0.84427469 0.12831597 0.13013117
2 0.07309171 0.19554667 0.03440469 0.03395410
2 0.23844618 0.40400077 0.09591580 0.07926698
