2 0.94308124 0.75931293 0.10667272 0.11753536
2 0.01248589 0.63117670 0.02438151 0.10253086
2 0.29359918 0.63230324 0.09978950 0.07020833
2 0.08403103 0.61004051 0.13390842 0.09082176
2 0.35015191 0.83063272 0.31212240 0.32440586
2 0.54800998 0.82807677 0.24800781 0.28045139
2 0.56496040 0.67249524 0.11424539 0.05704167
2 0.66921539 0.80818527 0.20714876 0.22989521
2 0.76279938 0.79133205 0.19013349 0.18408902
2 0.82818663 0.77707163 0.16242291 0.15383965
2 0.86100179 0.76324335 0.16971517 0.14001137
2 0.75529638 0.67936379 0.06504263 0.04142556
2 0.80038045 0.67918368 0.04741426 0.03818356
