2 0.07886719 0.73553627 0.15729167 0.39462191
2 0.98052504 0.55994587 0.03617437 0.02962565
2 0.84032042 0.54762579 0.04294943 0.02782922
2 0.79011857 0.54444435 0.04991929 0.03285254
2 0.74368421 0.54779323 0.05990315 0.04356897
0 0.20631523 0.60908030 0.04770628 0.23161259
2 0.65015618 0.54863045 0.08081274 0.05595984
2 0.90348219 0.62335725 0.10069537 0.10461857
2 0.95851591 0.60378970 0.08173325 0.08175747
2 0.84517913 0.62355099 0.16586402 0.13445423
2 0.79483145 0.63885630 0.19245457 0.15266561
2 0.53767670 0.68488476 0.23862087 0.26275370
2 0.28750121 0.49660890 0.09799823 0.06918748
2 0.33674805 0.69662809 0.31078776 0.41644290
2 0.67815864 0.64964120 0.15888672 0.20955247
