2 0.50362972 0.49486654 0.02930726 0.02542567
3 0.71812414 0.57787673 0.05047048 0.07380886
0 0.65652344 0.56299190 0.01739583 0.08032022
2 0.41971137 0.57989583 0.17362847 0.14369599
2 0.26868164 0.62363426 0.27212891 0.22834877
2 0.31238108 0.50346741 0.09140931 0.07083570
2 0.47759315 0.56153598 0.12170717 0.10549570
2 0.43446459 0.49236565 0.04431257 0.03376196
2 0.53028969 0.55332442 0.07880318 0.08405673
2 0.54485421 0.54356783 0.07978822 0.07455031
2 0.56638436 0.53393633 0.07134503 0.06029069
2 0.77294285 0.55284507 0.02177027 0.04302702
