2 0.30681056 0.48148189 0.06463204 0.03535428
2 0.45012578 0.57189680 0.12287728 0.12466694
2 0.49162412 0.56314385 0.10130752 0.10215937
2 0.52503380 0.55751696 0.09638399 0.09674088
2 0.60059197 0.49705630 0.01429745 0.01690325
2 0.37204425 0.58902767 0.21120665 0.19119599
2 0.08333876 0.74191937 0.16667752 0.34047454
2 0.08553168 0.50063657 0.14153646 0.14317901
2 0.20806424 0.65526620 0.27446181 0.28261574
2 0.54975331 0.54616842 0.07628293 0.06704405
2 0.77231672 0.55739207 0.02345289 0.03763117
2 0.21499564 0.49050347 0.09435768 0.05091434
2 0.43633411 0.49322892 0.04459439 0.03153139
2 0.44917189 0.47243322 0.03293904 0.02447436
2 0.47826804 0.48639712 0.03048972 0.02837825
