2 0.30008572 0.20827546 0.03636068 0.02560957
2 0.30334201 0.23083719 0.04336806 0.03687500
2 0.07071723 0.20195023 0.02912977 0.03420139
2 0.27191623 0.37897569 0.08168837 0.05971065
2 0.24038737 0.39753858 0.09801432 0.06311728
2 0.20581489 0.43586998 0.06500217 0.14853009
2 0.48028863 0.47812500 0.09871094 0.07500000
3 0.11954319 0.77772184 0.09659939 0.12719522
2 0.28950087 0.24626543 0.05679253 0.03951389
2 0.05386068 0.21284722 0.03862847 0.03905093
2 0.49695638 0.52979745 0.13270616 0.10285880
2 0.27052951 0.28422261 0.05865451 0.04633873
2 0.23892578 0.43661073 0.09703993 0.08222608
2 0.27325846 0.33627508 0.08839193 0.05589892
2 0.19503583 0.54768722 0.08655603 0.20781250
2 0.60872936 0.86793021 0.22952469 0.21545131
2 0.62266276 0.36816937 0.06414931 0.05409336
2 0.26098958 0.36721065 0.11077691 0.03416667
