2 0.72680776 0.79088350 0.24903204 0.20808642
2 0.08165256 0.83977631 0.16330512 0.32044738
2 0.91908516 0.75518913 0.11987330 0.10200266
2 0.75551230 0.67686771 0.06189932 0.04339733
2 0.80003801 0.67405990 0.05151728 0.03423225
2 0.84800820 0.67833893 0.03682219 0.02807645
2 0.86279809 0.75938544 0.16853439 0.13492757
2 0.81849471 0.77358835 0.19322807 0.15687751
2 0.54794163 0.81863800 0.24079770 0.27861739
2 0.10433890 0.65766736 0.20867780 0.18823481
2 0.29321832 0.62941551 0.09765191 0.07368441
2 0.35192274 0.83076389 0.31286458 0.32404321
2 0.42529533 0.65665938 0.15833149 0.08586376
2 0.97044593 0.74001785 0.05910814 0.09102769
2 0.44281837 0.61332149 0.03385723 0.02944819
2 0.56796173 0.68054873 0.12052931 0.08718214
2 0.64980396 0.67028061 0.06887389 0.04572219
