2 0.34485894 0.70314622 0.29813368 0.36835262
2 0.53796549 0.66916281 0.23041884 0.26733025
0 0.60512385 0.58143606 0.03932019 0.13988548
2 0.74342246 0.53041522 0.05920627 0.03623685
2 0.65009350 0.51679627 0.09219907 0.07633039
2 0.28603745 0.48020141 0.09806400 0.06595837
2 0.91083690 0.59392408 0.15437449 0.11096373
2 0.98234786 0.58333889 0.03530428 0.07330068
2 0.84104501 0.60236665 0.16496402 0.13337731
2 0.80667373 0.62080647 0.17314443 0.14309939
2 0.72995226 0.63916088 0.23012153 0.18514275
