2 0.28735343 0.49630759 0.09762255 0.06588517
2 0.41955062 0.53849017 0.15411707 0.11650427
2 0.55739728 0.53648148 0.11434493 0.07552691
2 0.50794162 0.68816744 0.15886936 0.26250000
2 0.60842665 0.67181906 0.14556858 0.23066744
2 0.09611979 0.45505401 0.10245226 0.04894290
2 0.34250651 0.71873071 0.29417101 0.37145062
2 0.07889106 0.73789159 0.15761285 0.39326775
2 0.83797730 0.54369500 0.04139823 0.02776022
2 0.78895308 0.54078986 0.04866108 0.03486167
2 0.74247085 0.54563176 0.06028164 0.03938078
2 0.95820803 0.60405734 0.08358394 0.08650859
2 0.89988946 0.62343750 0.08242594 0.10976081
2 0.84433229 0.62245655 0.16668236 0.13750992
2 0.80384192 0.63472269 0.18302377 0.14396578
2 0.73430015 0.65150794 0.19137604 0.17882745
2 0.65767710 0.66312850 0.20009146 0.20852443
2 0.64643265 0.54090061 0.07638060 0.05061910
2 0.10012086 0.52780370 0.20024172 0.16116295
