2 0.90434142 0.60344563 0.13570750 0.10893170
2 0.74693035 0.63942508 0.19455514 0.18047053
2 0.53773980 0.68112847 0.22478516 0.27171682
2 0.28697266 0.49216049 0.09928385 0.06919753
2 0.63744683 0.66236883 0.23853082 0.23612654
2 0.34487196 0.71158951 0.29791667 0.37158951
2 0.07652561 0.47129630 0.14553385 0.09287037
2 0.78902231 0.53567959 0.05147256 0.03515199
2 0.74414075 0.53763248 0.05649428 0.03459403
2 0.96567289 0.59825841 0.06865422 0.09959469
2 0.84762573 0.61721928 0.16512562 0.13378117
2 0.80014686 0.63066463 0.18109197 0.15170829
2 0.55935947 0.53318571 0.11374811 0.06884046
