2 0.09983333 0.66052758 0.19966666 0.16415819
2 0.29227509 0.62802737 0.10168077 0.06397819
2 0.41901291 0.63286931 0.10749110 0.06204141
2 0.85006676 0.67709238 0.03994602 0.02911621
2 0.67156249 0.80523881 0.20085584 0.22084953
2 0.85751460 0.75934810 0.16692958 0.13751452
2 0.96582115 0.72617551 0.06835769 0.07106560
2 0.93401773 0.75188310 0.11529838 0.10810585
2 0.54464840 0.83124825 0.24655389 0.27670910
2 0.35103299 0.82959877 0.31049479 0.32530864
2 0.07932292 0.83483796 0.15864583 0.31134259
0 0.47390408 0.67227238 0.01268229 0.02537037
2 0.10195939 0.59140479 0.09731099 0.06589898
2 0.80057195 0.77726874 0.21463114 0.16050882
2 0.79831851 0.67709238 0.04757208 0.03169858
2 0.75020171 0.67967475 0.05810330 0.03944568
2 0.66232041 0.67773430 0.08642866 0.05880609
2 0.56536059 0.67257323 0.11184885 0.05493990
0 0.45369332 0.67386442 0.02215188 0.04848397
