2 0.09947122 0.59030339 0.10452237 0.06049874
2 0.08027669 0.83297840 0.16055339 0.31719136
2 0.34859809 0.82959491 0.30844184 0.32724537
2 0.54581269 0.82775269 0.23810552 0.26841438
0 0.03627164 0.56999309 0.01798757 0.03543498
2 0.10211833 0.66030907 0.20423667 0.16248233
2 0.29344530 0.62617049 0.10646698 0.05963447
2 0.42276135 0.65209853 0.15313743 0.08901957
2 0.50953923 0.64302371 0.07097798 0.04839899
2 0.56398810 0.67068028 0.11084233 0.04667046
2 0.65368288 0.67456949 0.07438104 0.04407765
2 0.75285760 0.67586589 0.05882422 0.04321338
2 0.79877452 0.67543375 0.05838668 0.03889205
2 0.85057386 0.67802656 0.04423970 0.03370644
2 0.67062040 0.80308744 0.20508535 0.21813068
2 0.75591501 0.78216464 0.19584159 0.17628498
2 0.81620952 0.77656236 0.19037937 0.16358648
2 0.86620984 0.76423735 0.16600947 0.14192435
2 0.92629426 0.75826159 0.09542078 0.11055160
2 0.96725430 0.73697294 0.06549140 0.08739552
