2 0.06860014 0.19921785 0.03480244 0.03053982
2 0.08066856 0.28384592 0.06382100 0.01649794
2 0.11152081 0.26069091 0.04086498 0.01823457
2 0.10215931 0.27559695 0.05177316 0.02604939
2 0.13040661 0.23999612 0.03826004 0.02778601
0 0.11185618 0.23042541 0.00798826 0.03981985
3 0.31834231 0.19749216 0.01044691 0.02601734
2 0.54555661 0.64239588 0.14662977 0.12422077
2 0.19381515 0.52576188 0.08320321 0.16954090
2 0.23404400 0.43454276 0.12069217 0.08699460
3 0.16336589 0.67655280 0.08302517 0.10511178
2 0.02329861 0.22531636 0.04590712 0.04725309
0 0.34919054 0.40662809 0.01876302 0.07110340
0 0.21432617 0.80201196 0.04769748 0.13425540
2 0.62375760 0.36739969 0.06269314 0.05478395
2 0.50231879 0.52849151 0.10828342 0.09937500
2 0.23893229 0.39506173 0.09722222 0.04706790
2 0.25141059 0.37982253 0.08832465 0.05439815
2 0.37465282 0.12313653 0.03381085 0.01681327
0 0.81079324 0.12089916 0.01866386 0.02016870
0 0.48547461 0.07505201 0.00654695 0.01598194
2 0.28864033 0.20492011 0.04366301 0.01863200
2 0.29505884 0.22503939 0.05835810 0.02493849
2 0.29493216 0.24598412 0.06215856 0.03740023
0 0.12368154 0.22066337 0.00999997 0.01597400
3 0.13731771 0.73748264 0.08576823 0.09678627
0 0.06820530 0.26211806 0.01322483 0.02864198
2 0.00779297 0.24133102 0.01550347 0.03747685
2 0.05082682 0.21029514 0.03307726 0.03839892
2 0.48009549 0.48301505 0.09927083 0.08653935
3 0.22157552 0.84610532 0.03332465 0.11130787
2 0.26870443 0.31839699 0.08253906 0.06283565
2 0.28926107 0.36169946 0.07951172 0.06309799
