2 0.68140625 0.94732292 0.01834375 0.01706250
2 0.76569531 0.95771875 0.02567188 0.01714583
2 0.77496875 0.91918750 0.02078125 0.01379167
2 0.76132813 0.92692708 0.02840625 0.01777083
2 0.49142969 0.98430208 0.03035938 0.01839583
2 0.69826563 0.92101042 0.02571875 0.01410417
2 0.25082031 0.98503125 0.03548437 0.01989583
2 0.70019531 0.93628125 0.02070312 0.01622917
2 0.42142969 0.95400000 0.03010938 0.01708333
2 0.58223437 0.95932292 0.03325000 0.02035417
2 0.42215625 0.98263542 0.03650000 0.02143750
2 0.72876562 0.93232292 0.02740625 0.01589583
2 0.61842969 0.93544792 0.02854687 0.01877083
2 0.59749219 0.93090625 0.03035938 0.01739583
2 0.69460156 0.95466667 0.03104688 0.01962500
2 0.80353906 0.92262500 0.01879687 0.01600000
