2 0.22902344 0.99484375 0.03085938 0.00977083
2 0.64742969 0.96369792 0.03273437 0.01789583
2 0.67035937 0.95283333 0.02956250 0.01645833
2 0.35682812 0.96467708 0.03334375 0.02281250
2 0.56196094 0.96562500 0.03329687 0.01808333
2 0.72779688 0.93469792 0.02362500 0.01960417
2 0.63379688 0.93681250 0.02931250 0.01500000
2 0.77807812 0.96070833 0.02093750 0.01762500
2 0.45520313 0.95697917 0.02925000 0.01987500
7 0.75939062 0.90835417 0.04368750 0.03137500
2 0.39076563 0.99120833 0.02840625 0.01695833
