2 0.24678125 0.09315972 0.05450000 0.04973611
2 0.54623437 0.25475694 0.05625000 0.07706944
2 0.32959375 0.10940972 0.06246875 0.05862500
2 0.33514063 0.31088194 0.08379687 0.07434722
2 0.35305469 0.38654167 0.09039062 0.07997222
2 0.47154688 0.41245833 0.08885938 0.07427778
2 0.39439063 0.47032639 0.08771875 0.08965278
2 0.86076563 0.35019444 0.08212500 0.06544444
2 0.42883984 0.33520139 0.07608594 0.07515278
2 0.73066797 0.52690972 0.08778906 0.11287500
2 0.02008594 0.83388889 0.03987500 0.17222222
2 0.55602344 0.59909722 0.10289062 0.09780556
2 0.76194531 0.34560417 0.04079688 0.08343056
2 0.80593750 0.64449306 0.10818750 0.14687500
2 0.81966016 0.42039583 0.04352344 0.10090278
2 0.47460156 0.68120139 0.10731250 0.11876389
2 0.42676562 0.56230556 0.10673437 0.10100000
2 0.49080078 0.90366667 0.11792969 0.14880556
2 0.53491406 0.82119444 0.11203125 0.12277778
2 0.93511719 0.42986806 0.10695313 0.09406944
2 0.86153125 0.61706250 0.08346875 0.13123611
2 0.81869141 0.28797222 0.08117969 0.07202778
2 0.51287891 0.50162500 0.08949219 0.08825000
2 0.60829297 0.72563194 0.10808594 0.10884722
2 0.15348828 0.33720833 0.00639844 0.01419444
2 0.90294531 0.15003472 0.03306250 0.06215278
7 0.29470703 0.02547222 0.07275781 0.05038889
2 0.56089844 0.01460417 0.05296875 0.02879167
2 0.58172266 0.12026389 0.04028906 0.06644444
2 0.37021875 0.01618056 0.04065625 0.03188889
2 0.52148828 0.04008333 0.03561719 0.05563889
2 0.11506641 0.00628472 0.02467969 0.01220833
2 0.80055078 0.05778472 0.03383594 0.05115278
2 0.71982422 0.00650694 0.02342969 0.01256944
2 0.26912109 0.14106250 0.06292969 0.05404167
2 0.30605469 0.06388194 0.06185938 0.04540278
2 0.54761328 0.07813194 0.04044531 0.05745833
2 0.62087500 0.16804167 0.04421875 0.08391667
2 0.71239844 0.28108333 0.04371875 0.08097222
2 0.66925781 0.12179861 0.06754688 0.04843056
2 0.28460547 0.19083333 0.06335156 0.05752778
2 0.37422266 0.21440972 0.07316406 0.06251389
2 0.43322656 0.08322222 0.04857812 0.05961111
2 0.00964844 0.68494444 0.01914063 0.12919444
2 0.50426172 0.19357639 0.05058594 0.07056944
2 0.70956641 0.16822222 0.07317969 0.06480556
2 0.30626172 0.24954167 0.07353906 0.06069444
2 0.34914844 0.15924306 0.06673438 0.05784722
2 0.09337109 0.94559722 0.12992969 0.10305556
2 0.81117187 0.16142361 0.05996875 0.06412500
2 0.88721094 0.50956944 0.04895313 0.11008333
2 0.11640625 0.09936111 0.03681250 0.07358333
2 0.65402344 0.23114583 0.04004687 0.07109722
2 0.40796484 0.26978472 0.07208594 0.06184722
