2 0.03107813 0.46752778 0.06198438 0.09377778
0 0.15898047 0.12883333 0.00889844 0.03983333
2 0.64978906 0.22347222 0.06137500 0.04566667
2 0.82461719 0.31021528 0.03842188 0.04901389
2 0.92787109 0.41035417 0.04767969 0.07804167
2 0.83108203 0.26183333 0.03638281 0.06850000
2 0.71672656 0.27254167 0.05579687 0.05672222
2 0.25864063 0.44206944 0.03939063 0.04591667
2 0.69078516 0.10720833 0.05657031 0.04636111
2 0.17285156 0.18518056 0.05418750 0.07036111
2 0.26759766 0.12508333 0.02852344 0.04902778
2 0.83268359 0.20336806 0.02955469 0.06031944
2 0.23170703 0.38184722 0.04360156 0.08305556
2 0.30521484 0.39808333 0.04732031 0.07580556
0 0.56655078 0.11881944 0.00978906 0.03594444
2 0.27617188 0.32643750 0.04267188 0.08051389
2 0.19945312 0.86702083 0.10445312 0.16093056
2 0.63933203 0.60709722 0.09205469 0.11894444
2 0.80156250 0.58798611 0.05298438 0.10886111
2 0.17796484 0.44976389 0.04432031 0.09541667
2 0.94520703 0.49159722 0.08446094 0.08775000
2 0.81685156 0.38605556 0.04057812 0.08086111
2 0.55924609 0.50370139 0.07747656 0.06979167
2 0.37882422 0.28858333 0.04200781 0.06286111
2 0.44073438 0.40158333 0.05660938 0.07547222
2 0.69080859 0.37867361 0.07667969 0.07768056
2 0.06286328 0.75053472 0.05746094 0.14595833
2 0.57595313 0.43756944 0.08868750 0.07861111
2 0.28727344 0.72349306 0.08960937 0.12595833
5 0.62021875 0.05356944 0.16321875 0.10500000
2 0.42239844 0.85841667 0.13076562 0.14116667
2 0.76405859 0.91304861 0.07769531 0.16984722
2 0.56603125 0.86763889 0.09309375 0.16030556
2 0.78164453 0.75664583 0.06799219 0.15537500
0 0.27269141 0.97365278 0.02396094 0.05269444
2 0.65751563 0.52037500 0.07559375 0.09583333
5 0.27185938 0.04409722 0.13628125 0.07858333
2 0.51289063 0.26727778 0.04560937 0.06236111
2 0.10852734 0.38211111 0.06894531 0.08205556
2 0.31522656 0.13699306 0.03509375 0.05054167
2 0.79493359 0.14438194 0.04139844 0.05295833
2 0.40686719 0.17192361 0.03850000 0.05381944
2 0.01767188 0.32393056 0.03520313 0.05275000
2 0.33671875 0.14313889 0.04070313 0.05502778
2 0.41591406 0.24736111 0.05581250 0.06602778
2 0.63560156 0.26709028 0.06353125 0.05243056
2 0.11514453 0.51662500 0.04380469 0.10172222
2 0.39946094 0.48109028 0.06090625 0.07376389
2 0.04296484 0.61082639 0.05550781 0.12976389
2 0.12367578 0.22622917 0.05157031 0.06387500
2 0.72593750 0.22418056 0.05840625 0.05600000
2 0.34861719 0.23684028 0.03762500 0.05729167
2 0.44948438 0.21200694 0.04237500 0.05537500
2 0.22484766 0.25992361 0.05202344 0.06629167
2 0.53886719 0.22047222 0.04095312 0.05266667
2 0.37680078 0.20202778 0.03782031 0.05963889
2 0.26883984 0.21479167 0.04988281 0.06763889
2 0.60110547 0.37436111 0.07453906 0.06525000
2 0.94679688 0.84080556 0.10526563 0.14902778
2 0.61635547 0.31502083 0.08199219 0.05923611
2 0.80749609 0.47760417 0.04527344 0.08670833
2 0.13126562 0.64020833 0.05037500 0.11572222
2 0.34511719 0.33785417 0.04471875 0.05854167
2 0.61353906 0.72397917 0.08235937 0.13668056
0 0.42803125 0.02909722 0.00985938 0.03297222
2 0.69902344 0.31438889 0.06456250 0.07027778
2 0.16921484 0.31884722 0.06678906 0.08194444
