2 0.87283594 0.52402778 0.07868750 0.08733333
0 0.65148047 0.09406250 0.00728906 0.04062500
2 0.85957422 0.37240972 0.06327344 0.07065278
2 0.89683984 0.85000000 0.11144531 0.13802778
2 0.06451172 0.72447917 0.04446094 0.11662500
2 0.32198437 0.26484722 0.04701563 0.05188889
2 0.87060938 0.60475000 0.06242188 0.07377778
2 0.85797656 0.44572917 0.05987500 0.07773611
2 0.00678516 0.85243750 0.01344531 0.06095833
0 0.78926172 0.81947917 0.01316406 0.05581944
2 0.58570703 0.28006250 0.05844531 0.05476389
2 0.39926563 0.22623611 0.03876563 0.05091667
2 0.20916797 0.83268056 0.10203906 0.11102778
0 0.46412109 0.11897917 0.00972656 0.02695833
2 0.49618359 0.55823611 0.05336719 0.05433333
2 0.36670703 0.91545139 0.13292969 0.15065278
2 0.16222656 0.44307639 0.04559375 0.08448611
0 0.09413672 0.59734722 0.01153906 0.04138889
2 0.65567969 0.26996528 0.05789063 0.05570833
0 0.26303516 0.23417361 0.01213281 0.03556944
2 0.55070312 0.77157639 0.06853125 0.11918056
2 0.80357031 0.03884028 0.04384375 0.03540278
2 0.28449609 0.29517361 0.04357031 0.07156944
2 0.34097266 0.22815972 0.03832031 0.05651389
2 0.24594531 0.34312500 0.04296875 0.07047222
2 0.22960547 0.12052778 0.04222656 0.03655556
2 0.52658203 0.42097222 0.07335156 0.06416667
2 0.64946484 0.31277083 0.06017969 0.06151389
2 0.19096875 0.50641667 0.04921875 0.04972222
2 0.64020703 0.36817361 0.06797656 0.06759722
0 0.24909766 0.24129167 0.01422656 0.04058333
2 0.20195313 0.39577083 0.04679687 0.07634722
2 0.10022266 0.50316667 0.04999219 0.11297222
2 0.62480859 0.41625000 0.07247656 0.07261111
2 0.38088672 0.26477083 0.04411719 0.05701389
2 0.23631641 0.46297917 0.05052344 0.07576389
2 0.08463281 0.42927083 0.07056250 0.08576389
2 0.03653906 0.58793750 0.05082813 0.11106944
0 0.28608203 0.19827083 0.00858594 0.04079167
0 0.66273828 0.55170139 0.01733594 0.08004167
2 0.51377344 0.49211806 0.09178125 0.08506944
2 0.57494922 0.66402778 0.09110156 0.11697222
2 0.61968359 0.47672222 0.07186719 0.08488889
2 0.31610938 0.35075000 0.04334375 0.05966667
2 0.34824609 0.30073611 0.04611719 0.05858333
2 0.59025781 0.55989583 0.07645313 0.10315278
2 0.44940625 0.42948611 0.06892188 0.07402778
2 0.50899219 0.91703472 0.09426562 0.15765278
5 0.55728906 0.10793056 0.15796875 0.10450000
