2 0.22757422 0.37353472 0.04702344 0.10123611
2 0.10417187 0.24188194 0.05606250 0.06845833
2 0.72999219 0.22515278 0.06431250 0.06425000
2 0.38032422 0.20041667 0.03842969 0.06330556
2 0.51133984 0.27109722 0.04425781 0.06066667
2 0.61373437 0.31456250 0.07312500 0.07165278
2 0.82876953 0.30444444 0.03900781 0.06894444
2 0.34817188 0.34038889 0.04520313 0.06894444
2 0.11653906 0.50714583 0.04435937 0.10826389
2 0.25761328 0.44474306 0.04947656 0.05223611
2 0.41381641 0.45904167 0.06186719 0.07558333
2 0.31745703 0.28329861 0.04313281 0.06904167
2 0.16942578 0.31450000 0.06511719 0.07700000
2 0.22485547 0.26324306 0.05283594 0.06473611
2 0.71395703 0.26638889 0.06416406 0.06216667
2 0.04326562 0.44124306 0.06267188 0.08479167
2 0.94373828 0.48990278 0.08583594 0.10166667
2 0.30764844 0.39786806 0.04692188 0.07493056
2 0.61703516 0.72511111 0.07122656 0.13588889
2 0.95498047 0.95731944 0.08957031 0.08452778
2 0.68445312 0.37143056 0.07484375 0.07602778
2 0.27896484 0.32529167 0.04627344 0.07505556
2 0.57821484 0.43609722 0.08032031 0.07758333
2 0.80961328 0.53372222 0.04616406 0.09669444
2 0.67405469 0.43840972 0.07143750 0.08623611
2 0.62698047 0.61288889 0.08314844 0.11277778
2 0.81577734 0.44407639 0.04755469 0.09079167
2 0.45490234 0.38597917 0.05389844 0.07401389
2 0.06238281 0.74315972 0.05904687 0.14331944
2 0.55970703 0.85229861 0.09213281 0.15987500
2 0.42690625 0.85040972 0.12456250 0.14129167
2 0.80358203 0.63791667 0.05583594 0.12811111
2 0.78592187 0.79945833 0.06614062 0.15133333
2 0.66049609 0.52297917 0.08386719 0.10384722
2 0.94235156 0.33834028 0.06720312 0.06779167
2 0.58465625 0.37379861 0.08537500 0.06618056
7 0.47102734 0.12671528 0.03014844 0.04745833
2 0.13042969 0.65615972 0.02218750 0.04943056
7 0.88717969 0.07447222 0.05106250 0.04997222
7 0.43480469 0.13547222 0.04840625 0.06730556
2 0.28576563 0.17394444 0.05398438 0.05144444
2 0.43890234 0.75361111 0.04717969 0.06172222
2 0.35053516 0.53824306 0.04049219 0.05095833
2 0.65160156 0.22167361 0.05301563 0.04509722
2 0.79458984 0.14321528 0.04102344 0.05054167
2 0.20790234 0.16772917 0.05619531 0.04737500
2 0.15828516 0.20006250 0.05022656 0.05665278
2 0.04241406 0.29627083 0.05973437 0.06990278
2 0.40433203 0.16744444 0.04050781 0.05933333
2 0.92573047 0.41497917 0.06238281 0.07659722
2 0.63744141 0.26416667 0.07008594 0.05061111
2 0.46553516 0.17548611 0.03857031 0.05255556
2 0.75571875 0.94459722 0.07332813 0.10563889
2 0.32206250 0.15266667 0.04007813 0.05297222
2 0.56892188 0.16700694 0.03335938 0.05048611
2 0.54110547 0.21215278 0.04589844 0.06933333
2 0.44033594 0.20971528 0.03948437 0.05304167
2 0.41422656 0.25148611 0.04540625 0.05833333
2 0.49076172 0.15115972 0.03622656 0.04995833
2 0.27009375 0.21523611 0.05256250 0.06136111
2 0.00389063 0.50818750 0.00770312 0.03601389
2 0.34860156 0.24001389 0.04262500 0.06494444
