2 0.54595082 0.70465704 0.18573770 0.15768953
2 0.91111475 0.81763538 0.17777049 0.18624549
2 0.83724590 0.94279783 0.32550820 0.11440433
7 0.37677049 0.32936823 0.12652459 0.12335740
7 0.22475410 0.35212996 0.20314754 0.17494585
2 0.09686885 0.43523466 0.17000000 0.15422383
2 0.35372131 0.45613718 0.16186885 0.13660650
2 0.78760656 0.43409747 0.14000000 0.13122744
2 0.67086885 0.55144404 0.19262295 0.18021661
2 0.24796721 0.54510830 0.16570492 0.13787004
2 0.13839344 0.65368231 0.19055738 0.15162455
2 0.45959016 0.39290614 0.15203279 0.12985560
