2 0.30153906 0.24819444 0.07175000 0.05997222
0 0.16393750 0.16152083 0.01575000 0.04776389
2 0.42522266 0.56446528 0.09250781 0.09454167
2 0.35217578 0.15444444 0.06510156 0.06197222
2 0.32345703 0.30829167 0.08186719 0.07894444
2 0.01969531 0.80015972 0.03925000 0.16581944
2 0.72514453 0.53272917 0.09025781 0.12081944
2 0.37839063 0.21077083 0.06901562 0.06918056
2 0.47636719 0.41681944 0.09404688 0.08108333
2 0.40444141 0.26870833 0.07839844 0.06122222
2 0.61449609 0.72426389 0.11952344 0.12016667
2 0.46362500 0.67834722 0.10107812 0.11555556
2 0.93247656 0.42599306 0.10228125 0.08362500
2 0.65483203 0.42879861 0.08042969 0.11131944
2 0.43287109 0.33386806 0.07777344 0.07404167
2 0.92961719 0.84781250 0.08635937 0.16676389
2 0.21869922 0.45275000 0.05524219 0.12161111
2 0.24443750 0.04427778 0.04451563 0.05294444
0 0.63736328 0.03578472 0.00716406 0.02784722
2 0.57332422 0.01417361 0.06433594 0.02745833
2 0.90473437 0.14856944 0.03529688 0.06747222
0 0.24791406 0.20140972 0.01245312 0.05006944
2 0.62941016 0.07686111 0.06772656 0.05700000
2 0.76064453 0.22910417 0.07750781 0.06529167
2 0.61848438 0.16163194 0.03754688 0.06673611
2 0.55254687 0.07600694 0.04143750 0.06870833
2 0.88606641 0.51743750 0.04274219 0.11037500
7 0.33226953 0.10243750 0.08382031 0.05754167
2 0.95860547 0.19569444 0.03553906 0.06677778
2 0.85277734 0.10667361 0.03019531 0.05795833
2 0.24334375 0.09422917 0.05862500 0.05540278
2 0.49962500 0.20214583 0.05240625 0.06868056
0 0.78839063 0.12815972 0.01562500 0.05118056
