2 0.55641406 0.60338194 0.10778125 0.10306944
2 0.47206250 0.67777083 0.09818750 0.11012500
2 0.52641016 0.81156944 0.11119531 0.12608333
2 0.41161719 0.55552778 0.10756250 0.11208333
2 0.38364453 0.46450000 0.09452344 0.09450000
2 0.90340625 0.14875000 0.03112500 0.06391667
2 0.95496484 0.20477778 0.03436719 0.06697222
2 0.85043359 0.09985417 0.02963281 0.05354167
2 0.47088281 0.41245139 0.07982812 0.07984722
2 0.32373438 0.10678472 0.06375000 0.05640278
2 0.88615234 0.50674306 0.04753906 0.11806944
2 0.81485937 0.41988889 0.04404687 0.09972222
2 0.86571875 0.35659028 0.07853125 0.07898611
2 0.39834766 0.27286111 0.07321094 0.06858333
2 0.34812891 0.15954167 0.06621094 0.06536111
2 0.24492188 0.09152778 0.06137500 0.05200000
2 0.94274609 0.43917361 0.09757031 0.08179167
2 0.26450781 0.14068750 0.07150000 0.06304167
2 0.60813281 0.71968056 0.10375000 0.11055556
2 0.72197656 0.00643750 0.02307812 0.01254167
2 0.51056250 0.49956944 0.09826562 0.09036111
