2 0.80431641 0.05492361 0.03021094 0.05490278
2 0.70653906 0.27719444 0.04101562 0.08219444
2 0.76572656 0.34256250 0.04184375 0.08409722
2 0.25046484 0.09668056 0.05958594 0.05919444
2 0.65750391 0.21794444 0.03672656 0.06636111
2 0.90416797 0.14783333 0.03541406 0.07088889
0 0.21941406 0.14010417 0.01010937 0.03931944
0 0.23948047 0.09906250 0.01102344 0.02076389
0 0.55558594 0.98352083 0.01164062 0.03148611
2 0.58126172 0.11489583 0.03685156 0.05909722
2 0.75982031 0.02630556 0.03607812 0.05205556
2 0.95633594 0.20187500 0.03217188 0.06527778
2 0.88771484 0.51416667 0.04864844 0.12327778
2 0.51850391 0.03433333 0.04124219 0.05630556
2 0.47814453 0.67659722 0.11236719 0.11436111
2 0.51131250 0.50184722 0.09940625 0.09016667
2 0.38512109 0.47346528 0.09421094 0.09176389
2 0.33075000 0.31195833 0.08959375 0.08291667
2 0.61384766 0.72417361 0.11924219 0.11806944
2 0.42979297 0.56927083 0.09414844 0.09829167
2 0.53278125 0.81062500 0.12128125 0.12797222
2 0.38018750 0.21363889 0.07973438 0.06719444
2 0.35396484 0.38800000 0.08171094 0.08180556
2 0.92866797 0.43311111 0.09758594 0.08791667
2 0.57058984 0.60880556 0.09561719 0.08947222
2 0.82044531 0.43225000 0.05084375 0.10661111
2 0.24035156 0.13061111 0.06182812 0.05508333
