2 0.47519531 0.41343056 0.09915625 0.08455556
2 0.15811719 0.25151389 0.04415625 0.08613889
2 0.28115625 0.18673611 0.07073438 0.06000000
2 0.38022266 0.21356944 0.07877344 0.06641667
2 0.90888672 0.25822222 0.07538281 0.07969444
2 0.43507812 0.33934722 0.07675000 0.07261111
2 0.70265625 0.27738889 0.03964063 0.07741667
2 0.93655469 0.43302083 0.10501563 0.08651389
2 0.70291797 0.16828472 0.06907031 0.06790278
2 0.49178906 0.17465278 0.04703125 0.06544444
2 0.86177344 0.74527083 0.10220312 0.14723611
2 0.63748828 0.38954167 0.07192969 0.08894444
2 0.81955469 0.42447222 0.04225000 0.10105556
2 0.21380469 0.43875000 0.05223438 0.11813889
2 0.53092578 0.23109722 0.05778906 0.07850000
2 0.39987500 0.27521528 0.07187500 0.06940278
2 0.31026562 0.24752083 0.07407812 0.06634722
2 0.01442969 0.84025000 0.02867188 0.16719444
2 0.18656250 0.35442361 0.04790625 0.10004167
2 0.77908984 0.60522222 0.08550781 0.12483333
2 0.57709766 0.30496528 0.06772656 0.09043056
2 0.35983984 0.38302083 0.07849219 0.07612500
2 0.52206250 0.50096528 0.10660938 0.09890278
2 0.81542578 0.29280556 0.09407031 0.07450000
2 0.43107812 0.56109028 0.09275000 0.09843056
0 0.83176562 0.64820833 0.01706250 0.04963889
2 0.69969531 0.47769444 0.07635938 0.10486111
2 0.88542969 0.50847222 0.04878125 0.12222222
2 0.46903125 0.67672917 0.10240625 0.11806944
2 0.37478906 0.45859722 0.09687500 0.09591667
2 0.53412109 0.81522917 0.12505469 0.13845833
2 0.57254688 0.60493750 0.10217187 0.10476389
2 0.12317969 0.95029167 0.12446875 0.09541667
2 0.24196875 0.55275000 0.06070312 0.13113889
0 0.08600000 0.75388194 0.02470313 0.06687500
2 0.59703906 0.03902778 0.06075000 0.04752778
2 0.62756641 0.07678472 0.05821094 0.04979167
7 0.47715625 0.03577083 0.03534375 0.05220833
7 0.44160547 0.02573611 0.02397656 0.04738889
2 0.57550391 0.11935417 0.04767969 0.06037500
2 0.74342187 0.08590972 0.04504687 0.05737500
2 0.52107813 0.03790972 0.03215625 0.05545833
7 0.69549609 0.07952083 0.05582031 0.06959722
2 0.22682031 0.06295833 0.06168750 0.05358333
2 0.54883984 0.07432639 0.03433594 0.05559722
2 0.76299609 0.02175000 0.02602344 0.04261111
2 0.90165625 0.14943056 0.03381250 0.06686111
2 0.24754297 0.09757639 0.05899219 0.04804167
2 0.30482031 0.06431944 0.05870312 0.04861111
2 0.65267578 0.00566667 0.02424219 0.01083333
2 0.69326562 0.02866667 0.04603125 0.04583333
2 0.85482422 0.10320833 0.02947656 0.05719444
2 0.30310156 0.02994444 0.06046875 0.04144444
2 0.81014063 0.06104861 0.03195313 0.05754167
2 0.01380859 0.14080556 0.02747656 0.05447222
2 0.66361719 0.11562500 0.06284375 0.05891667
2 0.40721875 0.00776389 0.02693750 0.01491667
2 0.95696484 0.19697917 0.04132031 0.07193056
2 0.07212500 0.10512500 0.03496875 0.07700000
2 0.45286719 0.11070139 0.04650000 0.07312500
2 0.32301172 0.10571528 0.06296094 0.05201389
2 0.97010938 0.33450000 0.05940625 0.09402778
2 0.13989062 0.18783333 0.04437500 0.06944444
2 0.83172656 0.18524306 0.06253125 0.07118056
2 0.61354297 0.16528472 0.04633594 0.07445833
2 0.26789844 0.13793750 0.06417187 0.05384722
2 0.33408984 0.31295139 0.08627344 0.07323611
0 0.81636328 0.66995833 0.01532031 0.05113889
2 0.75026953 0.22513194 0.07153906 0.06281944
2 0.35471484 0.15477083 0.06388281 0.06276389
2 0.66181641 0.21867361 0.03857031 0.07020833
