0 0.83060156 0.19186806 0.01735938 0.05354167
2 0.71693359 0.69484028 0.01694531 0.02501389
2 0.76421484 0.63027083 0.02572656 0.01848611
2 0.56107422 0.01356944 0.05457031 0.02677778
2 0.80907031 0.07179167 0.02778125 0.05194444
2 0.76334766 0.02637500 0.02803906 0.04525000
2 0.41143750 0.04414583 0.03975000 0.06965278
2 0.95869922 0.20763889 0.04505469 0.07347222
2 0.72496875 0.00856250 0.02445312 0.01656944
2 0.32828906 0.11202083 0.06095312 0.04976389
2 0.90804297 0.16297222 0.03496094 0.06538889
2 0.24632422 0.09496528 0.05435156 0.04984722
2 0.85268750 0.10457639 0.03028125 0.05895833
2 0.63495703 0.08324306 0.05982031 0.05337500
2 0.54653125 0.07758333 0.03551563 0.05550000
2 0.35794141 0.16140278 0.06385156 0.05541667
2 0.44214063 0.09350694 0.04914062 0.07437500
2 0.01226172 0.14229861 0.02449219 0.05034722
2 0.30803906 0.07022917 0.05851563 0.04956944
2 0.70848047 0.28257639 0.04121094 0.07834722
2 0.59907812 0.04254861 0.07062500 0.05181944
2 0.47758594 0.14755556 0.04678125 0.06266667
2 0.02108203 0.19436111 0.04216406 0.08016667
2 0.37713672 0.21094444 0.07246094 0.06988889
2 0.39370703 0.47352083 0.08483594 0.08309722
2 0.76489453 0.23220833 0.08091406 0.07252778
2 0.86667188 0.36188889 0.08181250 0.07450000
2 0.82198047 0.17233333 0.06432031 0.06758333
2 0.25972656 0.13652778 0.06632812 0.05877778
2 0.67553906 0.12195139 0.06617188 0.05570833
2 0.00867578 0.68615278 0.01721094 0.12886111
2 0.87875781 0.50798611 0.04423437 0.11461111
2 0.18576563 0.35531250 0.04493750 0.09826389
2 0.31210938 0.25044444 0.07467187 0.06691667
2 0.81325391 0.29382639 0.07861719 0.06859722
2 0.51072266 0.51168750 0.10002344 0.09162500
2 0.27843750 0.19088889 0.06503125 0.05866667
2 0.71016016 0.17385417 0.08058594 0.06340278
2 0.23450000 0.54745833 0.05617188 0.12825000
2 0.67326562 0.46540972 0.07179687 0.10523611
2 0.76642578 0.36081944 0.04905469 0.08933333
2 0.62373437 0.16681250 0.03820312 0.06606944
2 0.41229688 0.27288194 0.08362500 0.07229167
2 0.16622266 0.26751389 0.04232031 0.09388889
2 0.33537109 0.31697917 0.07764844 0.07209722
2 0.81530469 0.41999306 0.04084375 0.09540278
2 0.56336719 0.60378472 0.10340625 0.09726389
2 0.21025000 0.44950694 0.05540625 0.11451389
2 0.61757031 0.37409722 0.06295313 0.08866667
2 0.34994922 0.38845139 0.09217969 0.08829167
2 0.44353906 0.34753472 0.07732813 0.07534722
2 0.41811719 0.55833333 0.10731250 0.11494444
2 0.53715625 0.81528472 0.11284375 0.12670833
2 0.61492578 0.73104861 0.11961719 0.12306944
2 0.47384375 0.67700000 0.10201563 0.11491667
2 0.94323047 0.44159722 0.10096094 0.08911111
2 0.26982031 0.68012500 0.07121875 0.15769444
