2 0.37458984 0.26578472 0.04446094 0.05726389
0 0.31917969 0.08764583 0.00993750 0.02770833
2 0.06435547 0.72243750 0.03888281 0.10537500
2 0.16002734 0.44385417 0.04855469 0.07395833
2 0.87595703 0.60050000 0.07333594 0.06825000
2 0.34541016 0.31029167 0.04692969 0.05863889
2 0.85471875 0.45427083 0.05628125 0.07245833
5 0.55458594 0.11364583 0.15789063 0.10126389
2 0.75874219 0.04794444 0.04275000 0.03708333
2 0.24461719 0.12246528 0.04134375 0.03304167
2 0.46458594 0.09474306 0.04168750 0.03506944
2 0.39802344 0.22963889 0.03850000 0.05091667
2 0.28040625 0.30494444 0.03779687 0.06066667
2 0.10410156 0.52295139 0.04881250 0.09676389
2 0.54776563 0.77854861 0.06760937 0.12281944
2 0.51089062 0.91966667 0.10237500 0.15652778
2 0.20482812 0.38777083 0.04818750 0.08956944
2 0.50089844 0.55639583 0.06518750 0.06320833
2 0.27986719 0.40375000 0.05215625 0.07044444
2 0.24594531 0.34465972 0.04307812 0.07112500
2 0.50966406 0.49638194 0.08154687 0.07195833
2 0.34048828 0.92289583 0.13460156 0.14787500
2 0.00711719 0.82592361 0.01412500 0.11826389
2 0.39698047 0.80236806 0.04958594 0.08295833
2 0.92016406 0.96457639 0.11493750 0.07084722
2 0.03849219 0.60518750 0.04837500 0.10809722
