2 0.65514648 0.74492091 0.06626519 0.03844522
2 0.90258464 0.47000386 0.00843316 0.00987654
2 0.86349175 0.45671296 0.00770833 0.00823302
2 0.87551107 0.45468364 0.00840929 0.00641204
2 0.68217665 0.60807677 0.01866319 0.01960262
2 0.78377604 0.58098765 0.03655816 0.01851852
2 0.78189236 0.48025077 0.01021267 0.01123457
2 0.86293511 0.66731096 0.04902561 0.04682870
2 0.80657661 0.86005015 0.07235460 0.08792438
2 0.71602431 0.67171875 0.05412326 0.03513503
2 0.94939345 0.65889660 0.05028863 0.03669753
2 0.78591580 0.59404128 0.03179253 0.02454861
2 0.74360460 0.66669753 0.03769097 0.03457562
2 0.84787109 0.70942515 0.06098524 0.05814043
2 0.84449978 0.74057485 0.06787977 0.05074074
2 0.65435981 0.76360532 0.07232639 0.07596836
2 0.71016168 0.68324460 0.04903863 0.01718364
2 0.70109158 0.70949074 0.04913194 0.03972994
2 0.73839844 0.64168403 0.05976562 0.03597608
2 0.81205295 0.48470293 0.01627604 0.01933642
2 0.73365668 0.55077353 0.03200955 0.02802083
2 0.95703668 0.63384645 0.03102648 0.02273920
2 0.80507813 0.46799961 0.01584201 0.00869213
2 0.76140625 0.60908951 0.04703559 0.02571759
2 0.87132161 0.47265432 0.01384983 0.00875772
2 0.87859918 0.60497492 0.03787543 0.02621528
2 0.67339735 0.72596836 0.05089193 0.04713735
2 0.11100586 0.68321952 0.04494575 0.03519676
2 0.76188802 0.62315972 0.03926649 0.02761574
