2 0.86184353 0.73801312 0.05975477 0.05906636
2 0.95173937 0.70988426 0.06455946 0.05205247
2 0.95884657 0.86186921 0.08230686 0.07626157
2 0.89000109 0.55554977 0.03159505 0.02045910
2 0.77619575 0.48759838 0.01829861 0.01338349
2 0.01090169 0.79885610 0.02160373 0.05882330
2 0.78052626 0.50015239 0.01662543 0.01461034
2 0.95835829 0.79585455 0.08203342 0.05396991
2 0.87010525 0.66882330 0.04699436 0.04153549
2 0.77320638 0.62279321 0.04279731 0.03283951
2 0.78453668 0.60043403 0.03853516 0.02346065
2 0.17964735 0.66042631 0.04379123 0.04426312
2 0.09415256 0.69439815 0.04935113 0.04400463
2 0.95910699 0.76735918 0.08143880 0.05592978
2 0.81569770 0.86814236 0.09162543 0.10970293
2 0.88508898 0.60257716 0.03716580 0.02922840
2 0.15173069 0.63248264 0.04389106 0.03955633
2 0.05328342 0.70465664 0.05097656 0.05045525
2 0.13191081 0.68355903 0.04842231 0.04072917
2 0.74559028 0.64544174 0.04280816 0.03317515
2 0.05626628 0.83193480 0.07160373 0.07155478
2 0.01524414 0.72145833 0.03041884 0.05046296
2 0.16043511 0.67170718 0.04484592 0.04375386
2 0.84976888 0.78012346 0.07209418 0.07013889
2 0.69861003 0.70815972 0.05111328 0.04084877
2 0.42741102 0.77591435 0.07064670 0.08062500
2 0.67552843 0.73196952 0.05800564 0.04873071
2 0.50762370 0.95624421 0.09141493 0.08384645
2 0.27309462 0.95288194 0.07752170 0.09132716
2 0.76113390 0.63284144 0.03914714 0.03438657
2 0.72866970 0.66505015 0.04414063 0.03975309
2 0.85987630 0.64606674 0.03132378 0.02234954
2 0.95664171 0.65472029 0.05918186 0.03188657
0 0.68709527 0.76460069 0.01170790 0.04916281
2 0.86393338 0.47728781 0.01144314 0.00881173
0 0.95538520 0.61000193 0.00655165 0.03038966
2 0.95710503 0.67318673 0.05328559 0.02720679
2 0.78511502 0.48373843 0.01536892 0.01246142
2 0.87510634 0.62630015 0.04318576 0.02919753
2 0.79004557 0.58870563 0.03552951 0.02571373
2 0.69685981 0.68797068 0.05892795 0.03817130
