2 0.88801975 0.61278549 0.02758030 0.01976080
2 0.89062391 0.59589892 0.03025391 0.02501543
2 0.97588759 0.63645640 0.04031250 0.03114583
2 0.97542318 0.79611111 0.04915365 0.04260802
2 0.87892253 0.64782022 0.02577040 0.02674383
2 0.87127387 0.51232060 0.02453559 0.01768904
2 0.83989909 0.54407986 0.03075304 0.01688657
2 0.75320855 0.65585455 0.05345269 0.03804398
2 0.80692600 0.60591242 0.03488064 0.02702546
2 0.96126953 0.53924190 0.02562500 0.01572145
2 0.88146159 0.47958912 0.01291884 0.00946373
2 0.85648112 0.81310378 0.07249783 0.08158565
2 0.97059679 0.61690008 0.03911024 0.02198688
2 0.87193468 0.67517747 0.03599175 0.03320988
2 0.83799045 0.55137731 0.03377604 0.02389660
2 0.76614909 0.63859375 0.04757595 0.02973380
2 0.79276476 0.61154321 0.03322917 0.02445216
2 0.86697049 0.75145448 0.06944444 0.05380401
2 0.79602865 0.49355324 0.01255642 0.01395062
2 0.97457140 0.73308835 0.05066189 0.05009645
2 0.88732313 0.62738426 0.02365668 0.01595679
2 0.80269531 0.48810378 0.01146267 0.01325231
0 0.89344401 0.46581983 0.00265191 0.00828318
2 0.97474392 0.83347608 0.05010417 0.04354167
2 0.97521810 0.77176890 0.04919922 0.03643133
2 0.75486328 0.67201003 0.03935764 0.03368827
2 0.56011719 0.74376929 0.04833333 0.06048611
2 0.97661350 0.87811150 0.04637370 0.05675540
2 0.63128038 0.94814622 0.11748264 0.10193287
2 0.41635200 0.86447724 0.07151476 0.08613812
2 0.50146376 0.91722994 0.10387804 0.09008488
2 0.40862956 0.79567901 0.04011936 0.06407407
2 0.42325195 0.95450424 0.08455078 0.08727238
2 0.12912001 0.69147184 0.04945530 0.04064429
2 0.16021701 0.67391975 0.05382378 0.03594136
2 0.67082031 0.75843364 0.07227865 0.05439815
2 0.06149306 0.70848573 0.05292101 0.04987269
2 0.49013455 0.96734954 0.07738281 0.06239969
2 0.02384874 0.71542438 0.04721137 0.05409722
2 0.18555556 0.66631752 0.04911892 0.04001157
0 0.82842231 0.65372685 0.00957899 0.03391204
2 0.85321615 0.71551505 0.03736979 0.03403935
2 0.71481771 0.71442515 0.05233507 0.04425154
2 0.69188911 0.73499228 0.05175564 0.04697531
2 0.72638021 0.67860532 0.05699219 0.02802083
2 0.78774089 0.62802469 0.02842014 0.02959877
2 0.80953125 0.58619792 0.03128472 0.02657793
2 0.97254449 0.68346836 0.05447700 0.01795525
2 0.85686415 0.68725116 0.02884983 0.03180941
2 0.86141168 0.52923997 0.02340929 0.01550154
2 0.96670247 0.53074653 0.02043186 0.01558256
2 0.86736871 0.51882716 0.02300564 0.01362654
2 0.79616102 0.59376350 0.03141493 0.01652392
2 0.90805230 0.46510031 0.01361328 0.00839506
2 0.83377821 0.88668596 0.09424913 0.11299383
2 0.97251411 0.64907600 0.04981554 0.03717207
2 0.85183160 0.85500965 0.08111979 0.09465664
2 0.86460829 0.78438272 0.07150825 0.06752315
