2 0.64801975 0.77169174 0.08053168 0.06885417
2 0.74698459 0.63313850 0.04036241 0.03241127
2 0.82739475 0.53810957 0.03555339 0.02536265
2 0.16308702 0.66785301 0.05453776 0.04104552
2 0.70101020 0.71045718 0.05165582 0.03960262
2 0.84493924 0.55222415 0.01703559 0.02188657
2 0.67467990 0.96195988 0.09831380 0.06949074
2 0.77365668 0.62194637 0.02378038 0.02954861
2 0.09245334 0.69473765 0.06451172 0.04493827
2 0.96523980 0.86936343 0.06908637 0.08446759
2 0.78692817 0.50478395 0.01318359 0.02232253
7 0.99255317 0.50820023 0.01402127 0.01859954
2 0.88329427 0.49421296 0.00902778 0.01699846
2 0.89774848 0.52657215 0.02360894 0.01389275
2 0.89278212 0.53482253 0.02344618 0.01418210
2 0.89237413 0.54307099 0.03012153 0.01736883
2 0.94748915 0.55320216 0.03516927 0.02257716
2 0.87606445 0.57650849 0.02739800 0.01881173
2 0.87240234 0.59290702 0.03363715 0.01880787
2 0.86372179 0.63052276 0.03743490 0.03520448
2 0.95405707 0.71660880 0.05859592 0.04436728
2 0.95717665 0.73806906 0.07460069 0.04677855
2 0.96083876 0.81643904 0.07649957 0.05497685
2 0.85653212 0.67055170 0.04638889 0.03713735
2 0.45346246 0.96587770 0.10213325 0.06429398
2 0.84364692 0.72022569 0.05425564 0.04774306
2 0.84988607 0.75229745 0.06727648 0.06848380
2 0.83021918 0.76628279 0.06863281 0.06944830
2 0.81787652 0.78436728 0.05913845 0.05160494
2 0.82262370 0.82873650 0.06592014 0.08439429
2 0.81053819 0.87551698 0.08954861 0.09886574
0 0.58511936 0.74578511 0.01573351 0.03327546
2 0.84135200 0.52326389 0.02166667 0.01595679
2 0.94962240 0.63831404 0.04755208 0.02530864
2 0.88505859 0.46089699 0.01401042 0.00827546
2 0.88115994 0.55766590 0.02181641 0.01847222
2 0.94437174 0.53819252 0.02429470 0.01677083
2 0.84484809 0.69760417 0.03996528 0.02735340
2 0.86646701 0.61626929 0.02478733 0.02261574
2 0.86198568 0.66120756 0.02612847 0.02631173
2 0.00511936 0.72218171 0.01019097 0.05055170
7 0.03798828 0.70216628 0.07508681 0.06128472
2 0.52550239 0.87747685 0.08896918 0.08021605
2 0.67971246 0.79539159 0.07070530 0.06470293
7 0.94444661 0.50354552 0.03999566 0.02671296
2 0.84827908 0.67876350 0.04093316 0.02657022
2 0.94058268 0.52088156 0.02468533 0.01346836
2 0.96778103 0.62512153 0.03065755 0.02765818
2 0.95201931 0.62461420 0.03593099 0.02337963
2 0.96391059 0.76127122 0.05974826 0.04059028
2 0.84763997 0.51163002 0.02483290 0.01359182
2 0.95697700 0.60464699 0.02753472 0.01890046
2 0.95296115 0.66129630 0.05588759 0.03136574
2 0.77720161 0.59788966 0.03215061 0.02507716
2 0.95668294 0.68545139 0.06180773 0.03618056
2 0.89795790 0.50651813 0.01569878 0.01423997
2 0.95452582 0.58850887 0.03021918 0.02305941
2 0.96357422 0.79398727 0.07266493 0.05417052
2 0.99317491 0.53261188 0.01321615 0.02415123
2 0.67209852 0.72794560 0.05842882 0.04604552
2 0.70096246 0.67524884 0.05942057 0.03434028
2 0.73310547 0.66035108 0.04934028 0.04181327
2 0.12053385 0.68070988 0.04308594 0.04178241
2 0.78477973 0.58489005 0.03542752 0.02493441
