2 0.78766493 0.61460648 0.04548177 0.02844136
2 0.79939019 0.49439622 0.00977865 0.01393133
2 0.88831706 0.60858989 0.02235026 0.02039738
2 0.80412543 0.48815201 0.01314670 0.01226080
2 0.88789063 0.62907407 0.02425781 0.01603395
2 0.80590603 0.58756173 0.04067057 0.02741512
2 0.85441515 0.71994213 0.03793186 0.03281636
2 0.96963216 0.87623264 0.06037109 0.07228781
2 0.15824219 0.68208912 0.04036458 0.04271219
2 0.86220812 0.52992863 0.02302734 0.01782022
2 0.12644314 0.68898920 0.05435330 0.05296296
2 0.75486111 0.66065008 0.05318142 0.03884645
2 0.63188802 0.94881752 0.11804253 0.10000386
2 0.66851345 0.78468364 0.08630208 0.06226080
2 0.77164605 0.65931134 0.01976345 0.03841435
2 0.69085938 0.73732832 0.05656684 0.05125386
2 0.06019423 0.70969715 0.05616970 0.05012731
2 0.84638346 0.59091049 0.02102214 0.02685185
0 0.59749132 0.74900849 0.01317274 0.03143519
2 0.49100586 0.96706211 0.07572266 0.06224151
2 0.42350152 0.94822145 0.08436849 0.10123457
2 0.71929579 0.71630401 0.04481988 0.04421296
0 0.55210395 0.80941551 0.01312283 0.05175540
2 0.02000760 0.72583526 0.03985026 0.05026620
2 0.85423069 0.85610147 0.08824870 0.10458719
2 0.86167535 0.78766590 0.08497830 0.07489198
2 0.86857530 0.75248071 0.07335720 0.06133488
2 0.86276476 0.69921875 0.03849392 0.02840664
2 0.97140082 0.64050347 0.03859158 0.02069830
2 0.97683702 0.65829668 0.04632595 0.03209491
2 0.77381836 0.63914738 0.02407769 0.02905093
2 0.80858724 0.60706790 0.02897569 0.02707562
2 0.85795464 0.68216242 0.02792318 0.02091435
2 0.98972873 0.63710648 0.02047309 0.03302469
0 0.61330946 0.75359375 0.01148003 0.02255787
