2 0.84949544 0.67486690 0.04401259 0.03356096
2 0.87380534 0.45804784 0.00624783 0.00626543
2 0.99833659 0.54261381 0.00323568 0.01739583
2 0.86642361 0.61182485 0.02686632 0.01457562
2 0.95932292 0.63796489 0.02789497 0.02064429
2 0.86653212 0.62625193 0.02755642 0.02123843
2 0.81117839 0.86806327 0.08458767 0.09813272
2 0.85882487 0.64476273 0.03303602 0.02755787
2 0.03779731 0.70326196 0.07506944 0.05640046
2 0.83800781 0.72138696 0.04371528 0.03018133
2 0.85240343 0.75816744 0.06152561 0.07064815
2 0.12620551 0.68302469 0.04954644 0.04326389
2 0.84207791 0.80213927 0.07779297 0.06577546
2 0.09344076 0.69659529 0.06044922 0.04497299
2 0.79017795 0.52396412 0.01451389 0.01936343
2 0.95917318 0.81759452 0.08123698 0.04188657
2 0.70046658 0.71192901 0.05413628 0.04533951
2 0.95390299 0.67010802 0.04878689 0.04191358
2 0.70955838 0.60808835 0.02223741 0.04725694
2 0.78779514 0.48230324 0.01828993 0.01672068
2 0.78717231 0.50215085 0.01695747 0.01583719
2 0.78268012 0.59815394 0.04134983 0.03395448
2 0.95821832 0.86563850 0.08320312 0.08178627
2 0.65121202 0.77483603 0.08651259 0.06917052
0 0.82112196 0.69302276 0.00885417 0.03329861
2 0.68385959 0.75139853 0.05516710 0.05498843
2 0.68658095 0.96273341 0.09667318 0.07453318
2 0.93936523 0.54054398 0.03100911 0.02410494
2 0.89374783 0.54390818 0.02554253 0.01364198
2 0.89311632 0.55128858 0.02217882 0.01719136
2 0.88786024 0.55876350 0.02217882 0.01943287
2 0.95509115 0.62634452 0.04812500 0.03277392
2 0.94334093 0.64473187 0.04517144 0.02401620
2 0.95194010 0.73665316 0.07107205 0.03809799
2 0.96430556 0.75859761 0.07138889 0.03472608
2 0.96116319 0.78753472 0.07432726 0.03858025
