2 0.74422418 0.66789159 0.03545356 0.03227238
2 0.65391927 0.77269290 0.07541667 0.06498457
2 0.77751411 0.51650463 0.01445964 0.01973765
2 0.27975694 0.88113040 0.09212240 0.10339506
2 0.35916450 0.83001350 0.07475260 0.08600694
2 0.44699110 0.76674576 0.06188151 0.07655478
2 0.61359918 0.64113040 0.03342231 0.04681327
2 0.64529188 0.61602238 0.02997179 0.03554784
2 0.67160482 0.60413966 0.02462457 0.03229167
2 0.70854167 0.56499035 0.02082465 0.02454090
2 0.72472331 0.55385802 0.01800998 0.02479167
2 0.73653537 0.54409722 0.01521050 0.01929012
2 0.74988281 0.53673997 0.01368056 0.02101852
2 0.76077799 0.53048611 0.01338759 0.01962963
2 0.76708116 0.52258102 0.01192274 0.02119599
2 0.79471571 0.51617091 0.01553819 0.02171682
2 0.84809353 0.69809028 0.06514540 0.05354938
2 0.84511393 0.73919367 0.07635200 0.05355710
2 0.80920681 0.86169946 0.06586589 0.09309028
2 0.51530490 0.71385995 0.04791016 0.05163966
2 0.56450846 0.67220486 0.04111762 0.04670910
2 0.73772352 0.64247685 0.06039931 0.03733796
2 0.70691406 0.70745177 0.03950521 0.03954090
2 0.78069878 0.60690972 0.03497396 0.02468364
2 0.67315864 0.72820602 0.05199870 0.04490741
2 0.65415582 0.74298225 0.07323785 0.04668210
2 0.84169271 0.84364005 0.07829861 0.10927855
2 0.76155816 0.62343557 0.04100694 0.02869213
2 0.78053385 0.59251350 0.04142795 0.02484954
