2 0.41171441 0.95288580 0.09630208 0.08975309
2 0.80959527 0.86103974 0.09820964 0.11150077
2 0.82199327 0.81479552 0.08994575 0.09680556
2 0.95121202 0.63387539 0.04782335 0.02630015
2 0.87724718 0.62505015 0.03688151 0.03170525
2 0.88535156 0.61262153 0.03850260 0.02269676
2 0.50718533 0.95591242 0.09166667 0.08740355
2 0.78374023 0.58776042 0.04033637 0.02503472
2 0.01509115 0.72107253 0.03014323 0.04967593
2 0.69742947 0.70946759 0.05230252 0.04355710
2 0.86895399 0.69276042 0.05121528 0.03842207
2 0.16018012 0.67129244 0.04481337 0.04391975
2 0.17895508 0.66005208 0.03955946 0.04446373
2 0.85963759 0.64595486 0.03065538 0.02292824
2 0.01116645 0.79846258 0.02211589 0.06158565
2 0.95941298 0.86546682 0.08079644 0.08012346
2 0.76840061 0.61709491 0.03949653 0.02703704
2 0.96192817 0.75430556 0.07576172 0.05861883
2 0.78405273 0.60064622 0.03728082 0.02346836
2 0.09397895 0.69373264 0.04904731 0.04658565
2 0.53083659 0.75636767 0.05153863 0.05896219
2 0.05596246 0.83184799 0.07105686 0.07023148
2 0.84863824 0.77966628 0.07176866 0.07082176
2 0.13164931 0.68395448 0.04847222 0.04054784
2 0.65376411 0.75761767 0.06387804 0.05627701
2 0.75557943 0.63224151 0.04799913 0.03391975
2 0.86121853 0.73611883 0.05870009 0.05651235
2 0.78518121 0.48467593 0.01536675 0.01516204
2 0.95566406 0.65386767 0.05763021 0.03024306
2 0.05290799 0.70543596 0.05107639 0.05308642
2 0.95469401 0.68426312 0.05582899 0.02783179
2 0.87391927 0.60366319 0.02773872 0.02054398
2 0.72245117 0.67922068 0.03751085 0.04037037
2 0.88972114 0.55483989 0.03107856 0.01880787
2 0.88889431 0.46289545 0.01218967 0.00863812
2 0.90036784 0.46840664 0.00903863 0.01046296
2 0.86925347 0.66910301 0.04667101 0.04123843
2 0.77850152 0.48953511 0.01322700 0.01150077
2 0.73995117 0.66510031 0.04506727 0.03834105
2 0.69771593 0.68112461 0.05844401 0.02579861
