2 0.85554362 0.71524691 0.05597005 0.06547840
0 0.64868056 0.69650849 0.00812066 0.04124228
2 0.81179905 0.85976659 0.08711372 0.11528164
2 0.82820638 0.80733218 0.07070530 0.07292052
2 0.83953559 0.78545718 0.08242622 0.07778164
2 0.95418945 0.71982832 0.06328342 0.04653164
2 0.89363390 0.53772377 0.02481120 0.01751543
2 0.40136068 0.94761381 0.08934896 0.10201003
2 0.69596680 0.96858796 0.10799262 0.05611111
2 0.54359266 0.92656057 0.10822700 0.08907022
2 0.45492188 0.95688079 0.07654514 0.08546682
2 0.83793294 0.53310957 0.02531901 0.01838735
2 0.89292535 0.52172647 0.01748264 0.01469522
2 0.76671658 0.53028742 0.01508247 0.02167052
2 0.12625543 0.68598958 0.04672526 0.04646991
2 0.89554036 0.50947338 0.01711806 0.01226466
2 0.76207248 0.63705054 0.03094184 0.03078318
2 0.86708876 0.60930363 0.02283637 0.01430170
7 0.94034288 0.52434221 0.02156684 0.02296682
2 0.86806098 0.61635610 0.02344401 0.01444059
2 0.95958659 0.68108603 0.04706380 0.03622299
2 0.70404080 0.71311535 0.05832899 0.04390046
2 0.87346137 0.60273727 0.01657118 0.01458719
2 0.86665907 0.67558063 0.04422526 0.03130787
2 0.05082357 0.70802276 0.05742405 0.06458719
2 0.66762587 0.80123650 0.07402778 0.06536651
2 0.96294596 0.77179977 0.07376519 0.05472608
2 0.15699978 0.67463735 0.04942057 0.04456790
2 0.09254666 0.69562114 0.04579644 0.04571759
0 0.48108941 0.72745949 0.01003472 0.05227238
2 0.78364475 0.59758873 0.03547960 0.02882716
2 0.77018989 0.60962384 0.04452908 0.02651620
2 0.81922635 0.55542438 0.02911675 0.01989969
2 0.72134766 0.68259645 0.05248698 0.03652006
2 0.95906359 0.86314043 0.08151259 0.08254630
2 0.99575846 0.53718557 0.00807943 0.01589120
2 0.96120551 0.81744020 0.07717231 0.04601466
2 0.67552626 0.73228395 0.05177300 0.04241512
0 0.98355794 0.55801890 0.00489366 0.02092207
2 0.85768772 0.65714120 0.03305339 0.03825617
2 0.89540907 0.47560378 0.01010634 0.00979552
2 0.73013889 0.66313465 0.05313802 0.04238040
2 0.63098307 0.77254437 0.05321615 0.07217207
2 0.85998155 0.63419367 0.03199870 0.02793210
