2 0.86596354 0.74784336 0.06703993 0.04715278
2 0.80873047 0.60529321 0.02828993 0.02579475
2 0.86331163 0.66547647 0.01942708 0.01698688
2 0.86404622 0.78346836 0.07713759 0.06224537
2 0.88732964 0.62687693 0.02317491 0.01759645
2 0.79892361 0.49045718 0.00691840 0.00723380
2 0.97246094 0.69293017 0.05485243 0.03974923
2 0.97623155 0.66775077 0.04749783 0.03020062
2 0.90675781 0.46473958 0.01200521 0.00761188
2 0.88219184 0.46181134 0.00692708 0.00609954
2 0.99802083 0.56942515 0.00352431 0.01969136
2 0.65518121 0.78186535 0.05573134 0.05603009
2 0.86642795 0.68557292 0.04832465 0.03653935
2 0.85480794 0.71687886 0.04011068 0.03152778
2 0.78869466 0.62720486 0.02623481 0.02869985
2 0.79588433 0.61013503 0.02665582 0.02426698
2 0.71539822 0.71352238 0.05097873 0.04257716
2 0.77573568 0.63771412 0.02779080 0.02670910
2 0.72875651 0.67766011 0.05756510 0.02971065
2 0.69110894 0.73317901 0.05289497 0.04652778
2 0.02462131 0.71682870 0.04847439 0.06018519
2 0.12191840 0.67622685 0.06052951 0.03337963
2 0.06142687 0.70712191 0.05295790 0.05058642
2 0.48932400 0.96614198 0.07804905 0.06372685
2 0.16023763 0.67325810 0.05340495 0.03785108
2 0.35492730 0.83401042 0.07222873 0.08268133
2 0.63103407 0.94769097 0.11726345 0.10312886
2 0.97681315 0.87710841 0.04597439 0.05911651
2 0.18614583 0.66582369 0.04547743 0.04455633
2 0.76306207 0.65756173 0.03508247 0.03437500
2 0.67361762 0.75559606 0.06720486 0.04748843
2 0.96572049 0.61176119 0.03052951 0.01920139
2 0.89829210 0.60774306 0.05069010 0.03721451
2 0.88959201 0.65818094 0.06052517 0.05290509
2 0.85138455 0.80209877 0.08246528 0.07084105
2 0.85012370 0.84738040 0.07893663 0.10311728
2 0.83020074 0.87943673 0.09709418 0.11163580
2 0.80608507 0.48085455 0.00638455 0.00888503
2 0.97071181 0.54408179 0.02276042 0.01376543
2 0.97480143 0.83178048 0.05001519 0.04394676
2 0.86676975 0.51836806 0.02185547 0.01383488
2 0.67913737 0.60819059 0.03253255 0.04707562
2 0.92376302 0.47301698 0.00680990 0.01255401
2 0.87319878 0.51314236 0.02168837 0.01838349
2 0.97051975 0.72229552 0.05896050 0.04662809
2 0.97178060 0.74000193 0.05643880 0.02824460
2 0.97316732 0.76600502 0.05366536 0.03363040
2 0.97631727 0.79592207 0.04696181 0.04185185
2 0.96537543 0.63778164 0.05472656 0.04259259
2 0.97018989 0.55833526 0.02845703 0.02194830
2 0.91824761 0.51069637 0.01249783 0.01366898
2 0.98746962 0.63396026 0.02462674 0.03135417
2 0.80940213 0.58575810 0.03177734 0.02744985
2 0.75038303 0.66351466 0.04669054 0.04609568
