2 0.65660916 0.77122106 0.07616102 0.06029707
2 0.80712891 0.96811150 0.09442274 0.06377701
2 0.81057834 0.86810957 0.07372179 0.08457562
2 0.82800998 0.83679784 0.10059462 0.09167438
2 0.95330078 0.73220679 0.07444878 0.04519290
2 0.84834744 0.67926698 0.04248915 0.03357253
2 0.87449544 0.67345679 0.05483724 0.04131944
2 0.86015082 0.63988426 0.05156901 0.04131944
2 0.95711914 0.62697338 0.04722005 0.02969522
2 0.95115560 0.64856289 0.05732422 0.02170910
2 0.95335938 0.63800926 0.05110677 0.01909722
2 0.94403103 0.61187886 0.04330512 0.01628086
2 0.96381293 0.60856289 0.03856771 0.01889275
2 0.86601671 0.61660301 0.03923394 0.02331404
2 0.87319553 0.60725502 0.03030165 0.02150849
2 0.87992296 0.59569830 0.03471137 0.02090278
2 0.85538845 0.69730710 0.05415799 0.02914352
2 0.84353841 0.76829475 0.07535373 0.06831790
2 0.95129340 0.70684028 0.06631076 0.05592593
2 0.94337999 0.53737847 0.03428602 0.02779707
2 0.89223850 0.55261767 0.03070095 0.03214892
2 0.39534180 0.96994985 0.08360894 0.05724537
2 0.74689779 0.53474923 0.01330946 0.01240741
2 0.95617405 0.66985725 0.06079427 0.03016204
2 0.76541016 0.61022569 0.04630642 0.03752701
2 0.79778212 0.58167824 0.02608073 0.02231481
2 0.96272352 0.76933256 0.07406250 0.05148920
2 0.68926649 0.69006752 0.04768663 0.03383873
2 0.84374566 0.73983025 0.06763455 0.04887346
2 0.86265191 0.73103009 0.06197917 0.05314043
2 0.83275825 0.79709684 0.07625434 0.06235725
2 0.66636068 0.73047454 0.07028212 0.04679784
2 0.17433485 0.66241898 0.04794054 0.04131944
2 0.96646050 0.82249228 0.06674479 0.04549383
2 0.13857422 0.67523920 0.04238715 0.04117284
2 0.06573242 0.69686535 0.05250217 0.04985725
2 0.02497504 0.71434799 0.04614366 0.05379630
2 0.96666124 0.87137346 0.06631293 0.07739969
2 0.42904405 0.84707948 0.06977648 0.07674383
2 0.70824219 0.71046682 0.05946615 0.04800926
2 0.77627604 0.49790316 0.01603299 0.01599151
