2 0.74622504 0.62940779 0.04731554 0.03456404
2 0.06570095 0.69416474 0.05300347 0.04616127
2 0.65587457 0.76882523 0.07595920 0.06181713
2 0.02476128 0.71242091 0.04659722 0.05336034
2 0.13628038 0.67256366 0.04761719 0.03795139
2 0.52477865 0.70486690 0.04662760 0.05133873
2 0.84346463 0.74068673 0.06856988 0.05077160
2 0.79623481 0.58395448 0.02948785 0.02574074
2 0.86802300 0.45474730 0.00726997 0.00589892
2 0.95555122 0.67953704 0.05908854 0.02439043
2 0.85433485 0.70003472 0.05112196 0.04110340
2 0.85555556 0.68064236 0.05616753 0.03936343
2 0.94455621 0.61194830 0.04560547 0.02183642
2 0.95544705 0.72767940 0.07936632 0.04461034
2 0.96182183 0.76087770 0.07635634 0.04564429
2 0.82750109 0.83194444 0.08957682 0.10996914
2 0.66100477 0.74236690 0.06085503 0.04090664
2 0.78124023 0.59009259 0.04289714 0.02575617
2 0.86225694 0.73151813 0.06223958 0.05504244
2 0.95201063 0.64637153 0.05713325 0.03250386
2 0.92303602 0.45758102 0.00724392 0.00752315
2 0.85795573 0.45733218 0.00542101 0.00683256
2 0.87115126 0.61712384 0.03505859 0.02145448
2 0.90223524 0.46710069 0.00662760 0.00923225
2 0.86867079 0.66070409 0.06218099 0.04004244
2 0.67376085 0.72805363 0.05511719 0.04607639
2 0.95695855 0.62923225 0.04916016 0.03118827
2 0.83491862 0.79566937 0.07124349 0.06266590
2 0.96940538 0.71456983 0.06097222 0.05516590
2 0.77798611 0.48848958 0.00749132 0.00854552
2 0.93976020 0.53714120 0.02616102 0.01880401
2 0.88535048 0.45992670 0.01259332 0.00782407
2 0.65843859 0.60467207 0.02272786 0.03728395
2 0.78425890 0.48019869 0.00993273 0.01049769
2 0.79045681 0.47764468 0.01393012 0.00951003
2 0.85611003 0.63614969 0.03500651 0.02076389
2 0.89303819 0.46466821 0.01048177 0.00996914
2 0.95852214 0.80148920 0.08261285 0.08265432
2 0.96594835 0.87210455 0.06766927 0.07610725
2 0.70032986 0.67520062 0.06793837 0.03314815
2 0.73666775 0.66258873 0.04372613 0.03864198
2 0.76752062 0.60508681 0.04081814 0.02740355
2 0.17458659 0.66086034 0.04819227 0.03885802
2 0.70722439 0.70843364 0.06019965 0.04673611
