2 0.94544054 0.65540123 0.04829861 0.02959105
2 0.70495009 0.96327353 0.11557292 0.07345293
2 0.99892144 0.55092400 0.00205729 0.01187114
2 0.87536784 0.45193673 0.00733724 0.00547068
2 0.95787001 0.64106096 0.03726780 0.02993827
2 0.86354167 0.66316937 0.04990885 0.04218750
2 0.96431749 0.63458140 0.03667318 0.03363040
2 0.85643229 0.70715471 0.06135851 0.05801312
2 0.72496094 0.65424961 0.04546007 0.03532793
2 0.76355469 0.62631366 0.04383681 0.02269676
2 0.04896918 0.70050733 0.05874566 0.05663966
2 0.78025716 0.59504823 0.03715929 0.03132330
2 0.79354384 0.58539545 0.02901042 0.02315201
2 0.67069661 0.72978974 0.05672309 0.04978009
2 0.84150608 0.68499807 0.03031684 0.01501157
2 0.95038411 0.69677083 0.06093316 0.06422840
2 0.88877170 0.45760031 0.01001736 0.00751543
7 0.92070421 0.56930556 0.06307075 0.05172840
2 0.87334310 0.62872492 0.04900391 0.02959491
2 0.86853624 0.61288580 0.03845269 0.02709105
2 0.88108073 0.60121528 0.04337674 0.03626543
