2 0.82715278 0.83280285 0.06528212 0.07866898
2 0.95502713 0.60667245 0.03739800 0.01790509
2 0.27584961 0.91981481 0.10935547 0.11003858
2 0.42346137 0.95334684 0.09480035 0.09136960
2 0.56161241 0.93964699 0.09306858 0.09336806
2 0.65073893 0.77864969 0.08333984 0.06138889
2 0.81321940 0.87723958 0.08942491 0.10074460
2 0.01819770 0.81924961 0.03631293 0.05203318
2 0.85283529 0.74823688 0.06107422 0.04878086
2 0.77826606 0.60176698 0.03210938 0.02753086
2 0.84377713 0.69907022 0.03550564 0.02521605
2 0.77772244 0.61583526 0.02535373 0.02498843
2 0.93096137 0.53571566 0.01784722 0.01505787
2 0.78965929 0.47997492 0.01775174 0.01542052
2 0.99386176 0.52351273 0.01222005 0.01140818
2 0.94640734 0.64683835 0.05604384 0.03687886
0 0.96030816 0.57942515 0.00721354 0.02328704
2 0.46602431 0.75596836 0.05680556 0.06330247
2 0.16005859 0.67075617 0.04587674 0.04308642
2 0.03780056 0.70373264 0.07542318 0.05690972
2 0.96631402 0.87360725 0.06693793 0.08135031
2 0.69984158 0.71264275 0.05621094 0.04285494
2 0.67486762 0.73070602 0.05485243 0.04758488
2 0.82139974 0.54400463 0.02963542 0.01900463
2 0.77440104 0.62756173 0.02490017 0.02369599
2 0.48329644 0.96314815 0.07533420 0.07293210
2 0.86346897 0.63503086 0.03389106 0.03937500
2 0.70312609 0.67616319 0.05837023 0.03323688
2 0.09033963 0.69764468 0.05998047 0.03628472
2 0.79161458 0.58829090 0.02479601 0.02490741
2 0.86434353 0.54792824 0.02219835 0.02087191
2 0.12227322 0.68497492 0.04040582 0.04475694
2 0.73532661 0.65640625 0.04912109 0.05881559
2 0.84961046 0.53335069 0.02079644 0.01797454
2 0.96862522 0.52024306 0.02257595 0.01485340
2 0.96303711 0.51369792 0.01774523 0.01326003
2 0.95730794 0.69936535 0.06400391 0.05894676
2 0.83024740 0.53050154 0.02391059 0.01611883
0 0.87357313 0.54695602 0.00419054 0.01992284
2 0.94383138 0.54153549 0.01842665 0.01912037
2 0.95969727 0.73533758 0.07310547 0.06270448
2 0.86859266 0.60978588 0.02228516 0.01704861
2 0.89869249 0.50772762 0.01569227 0.01030093
2 0.84767578 0.52307870 0.02633681 0.01588735
2 0.98993490 0.64688272 0.01999566 0.03744599
2 0.89639540 0.51682870 0.02077691 0.01614969
2 0.99402561 0.53155285 0.01186198 0.01576775
0 0.95216363 0.55708140 0.00599826 0.02179398
2 0.96417860 0.79391397 0.07136502 0.05456404
2 0.93743490 0.51928434 0.02430122 0.01753472
2 0.84569553 0.51317901 0.02322266 0.01140432
2 0.88957574 0.55796489 0.02284071 0.02021219
2 0.95269965 0.57923804 0.02314670 0.02363812
2 0.99863824 0.54415895 0.00272352 0.01116512
2 0.94694227 0.63472608 0.04828125 0.04237654
2 0.89514974 0.53190779 0.02458333 0.01620756
2 0.89303277 0.54478781 0.02132595 0.01360340
2 0.87691515 0.59558449 0.02979384 0.02373071
2 0.86355903 0.67713156 0.05523872 0.04742670
2 0.84865126 0.68717593 0.04174262 0.04408179
2 0.83107530 0.76807870 0.06998915 0.07532407
