2 0.94761936 0.63350502 0.04904514 0.03138503
2 0.94903646 0.65520448 0.06146701 0.02983796
2 0.84951497 0.70236497 0.06560981 0.05245370
2 0.95091905 0.71380401 0.07002821 0.04185185
2 0.95925239 0.81257330 0.07470269 0.05077932
2 0.83825087 0.76402392 0.07564670 0.06640432
2 0.83212999 0.80197145 0.07470269 0.06640432
2 0.83493924 0.84577353 0.08534288 0.10379244
2 0.92531793 0.46013889 0.00870443 0.00924383
2 0.88566406 0.46259452 0.01223958 0.00873071
2 0.86438260 0.63336420 0.02389540 0.01638889
2 0.77986328 0.60076968 0.02932726 0.02660108
2 0.66273980 0.75099344 0.05760634 0.04901620
2 0.00536458 0.80699074 0.01065104 0.04244599
2 0.95854058 0.86668596 0.08261936 0.08038580
2 0.67614366 0.73115162 0.05238281 0.04643904
2 0.16354818 0.66788194 0.03691840 0.03780864
2 0.11030599 0.69220486 0.04195747 0.04279707
2 0.94733615 0.68303434 0.05972005 0.02931713
2 0.77503147 0.52071566 0.01093533 0.01499614
2 0.75369358 0.63306134 0.04627604 0.02969522
2 0.85408963 0.65344907 0.02956380 0.02521605
2 0.46384983 0.96996721 0.07000434 0.05929398
2 0.14248372 0.68054591 0.04516276 0.03912423
2 0.93961806 0.54090085 0.02799045 0.02389275
2 0.88696072 0.54670139 0.02169922 0.02125000
2 0.72003472 0.68218171 0.04470920 0.04036651
0 0.84746962 0.60211613 0.00691406 0.02778164
2 0.77401801 0.62340278 0.02299696 0.02976080
2 0.79269206 0.58832562 0.03162977 0.02239198
2 0.02526259 0.71619599 0.04905816 0.04505401
2 0.73437066 0.66720872 0.04424913 0.03714892
2 0.84446181 0.52559028 0.02752604 0.01611883
2 0.82330187 0.54973380 0.02693793 0.01863426
2 0.85693685 0.73520062 0.09253255 0.05733025
2 0.86649089 0.60985725 0.02110243 0.01858025
2 0.85244141 0.68064622 0.04536458 0.03382330
2 0.71230143 0.71463927 0.05442057 0.04293596
2 0.78466688 0.48355710 0.01019314 0.01159722
2 0.96304796 0.77481289 0.07362630 0.05810571
2 0.95654297 0.73867091 0.07385417 0.04246528
2 0.79071940 0.47880015 0.01674696 0.01215278
2 0.96449978 0.62608218 0.05892578 0.04052083
2 0.60777669 0.64519483 0.02275391 0.03593750
2 0.68949870 0.69215471 0.04976128 0.03615355
2 0.39071723 0.97054398 0.07611762 0.05547068
2 0.07077582 0.70332562 0.05859592 0.04789352
2 0.65747938 0.95708912 0.08146918 0.08230324
2 0.64308268 0.78119792 0.08309245 0.06460262
2 0.81286133 0.87756366 0.07643880 0.10029707
2 0.99539171 0.53155864 0.00878255 0.02060185
2 0.93920681 0.52846644 0.02525825 0.01244985
2 0.99563368 0.54403164 0.00873264 0.02099537
2 0.89223850 0.55501929 0.02376953 0.02329475
2 0.88266385 0.59843557 0.04511936 0.03099923
