2 0.66992839 0.75629630 0.07305990 0.05182099
2 0.85338216 0.80668017 0.07644748 0.07625386
2 0.86476020 0.78982253 0.07411241 0.07365741
2 0.97556424 0.79812114 0.04887153 0.05083333
2 0.96782878 0.64623457 0.05744141 0.03486883
2 0.82785048 0.87956211 0.08199002 0.10270448
2 0.84667101 0.84377122 0.07061198 0.08818287
2 0.78145833 0.62693287 0.04190972 0.02853395
2 0.75345161 0.65697145 0.05382161 0.03673611
2 0.76662001 0.63678627 0.04704210 0.03006944
2 0.79823351 0.49171682 0.00795573 0.01197531
2 0.97848090 0.72191358 0.04278212 0.03205247
2 0.97290039 0.66933256 0.03893446 0.01721451
2 0.90732422 0.46357446 0.01588108 0.01021991
2 0.85261936 0.71136767 0.03577257 0.04210262
2 0.86415256 0.66539352 0.02103950 0.01601852
2 0.88666775 0.62733603 0.02235460 0.01547454
2 0.85557183 0.68662616 0.02777995 0.03264275
2 0.97687391 0.87635417 0.04585286 0.05684414
2 0.74798937 0.68124035 0.04533637 0.04195602
2 0.65499566 0.78161651 0.05548611 0.05794753
2 0.37453885 0.82885995 0.07067925 0.08266590
2 0.63087674 0.94749421 0.11724392 0.10214120
0 0.82130859 0.71777971 0.01166667 0.04313657
2 0.06137804 0.70724151 0.05304253 0.05046296
2 0.16048611 0.67345100 0.05431424 0.03751157
2 0.42300239 0.95367284 0.08406901 0.08809414
2 0.12875109 0.69097608 0.04952474 0.04125000
2 0.02402669 0.71370370 0.04736328 0.05445216
2 0.48968533 0.96575617 0.07733507 0.06419753
2 0.84062174 0.54589506 0.02903863 0.01920525
2 0.96911784 0.55835841 0.03097005 0.02062886
2 0.76616536 0.68282407 0.00881510 0.03858025
2 0.18552300 0.66598573 0.04875000 0.04214120
2 0.69052409 0.73285880 0.05450738 0.04698302
2 0.71694661 0.71446181 0.04713976 0.04133102
2 0.71610026 0.69213349 0.05023872 0.03508488
2 0.79615885 0.61224730 0.02650608 0.02741127
0 0.82912543 0.60706790 0.00580295 0.02398148
2 0.87067057 0.51352431 0.02607205 0.02037423
2 0.96478624 0.68349151 0.04284939 0.01831790
2 0.86143012 0.52808449 0.02327257 0.01582948
2 0.80848524 0.60519290 0.02934028 0.02524691
2 0.97473524 0.83162809 0.05031250 0.04128086
2 0.91817600 0.51121142 0.01227648 0.01305556
2 0.97492622 0.76684992 0.04989583 0.04028164
2 0.97813694 0.63527199 0.03867405 0.02931713
2 0.85421766 0.74308063 0.04416884 0.03854552
2 0.80949761 0.58544753 0.03139106 0.02640432
2 0.97864583 0.61345100 0.02378906 0.01674769
