2 0.95006836 0.59961806 0.06562717 0.03680556
2 0.88405165 0.59857639 0.03750000 0.03333333
7 0.64192057 0.60570795 0.04625000 0.07325231
2 0.83364041 0.84441358 0.07894748 0.08888889
2 0.79324544 0.45651235 0.00953342 0.00727623
2 0.69060004 0.57740934 0.01666016 0.01697917
2 0.95979492 0.77194252 0.08030165 0.05762731
2 0.84106988 0.69871914 0.04205295 0.03851852
2 0.85498264 0.67786458 0.05027778 0.03036651
2 0.93989149 0.53965664 0.02626302 0.01824846
2 0.86340278 0.63283372 0.02360677 0.01763503
2 0.86812174 0.62268711 0.02645616 0.01207948
2 0.83709961 0.77471644 0.07409939 0.07051312
2 0.95508030 0.61676505 0.03277344 0.01339892
2 0.95725043 0.86531443 0.08509983 0.07962577
2 0.81206055 0.87462770 0.07557943 0.09738812
2 0.64794162 0.78075810 0.08172960 0.05911651
2 0.07149740 0.70170910 0.05725694 0.04752315
2 0.83589084 0.56376929 0.02558377 0.02199074
2 0.16913954 0.66710648 0.04232422 0.03790123
2 0.68911241 0.69030478 0.05087240 0.03687500
2 0.11038628 0.69016782 0.04195747 0.04421682
2 0.77348524 0.62259452 0.02309028 0.03028935
2 0.39532335 0.96948302 0.08365017 0.06026235
2 0.14241211 0.67968943 0.04527995 0.03839892
2 0.73394748 0.66629823 0.04411024 0.03582176
2 0.66681641 0.95353781 0.10000000 0.08726852
2 0.71044813 0.71307870 0.05680339 0.04206790
2 0.67591797 0.72951196 0.05161024 0.04509645
2 0.79156359 0.58666088 0.03199870 0.02295139
2 0.66723199 0.74869213 0.04706814 0.04999228
2 0.71985352 0.68089506 0.04441623 0.03959105
2 0.78332357 0.53234954 0.01497179 0.02028549
2 0.46383138 0.96872878 0.06871745 0.06177083
2 0.84400608 0.52432677 0.02773437 0.01589892
2 0.99520833 0.53097415 0.00914931 0.02214892
2 0.83004557 0.53815779 0.03091146 0.01751929
2 0.75159505 0.63963735 0.04347656 0.03716049
2 0.93862305 0.51417245 0.02067057 0.01390046
2 0.81863064 0.55304398 0.02986545 0.01891975
2 0.94853733 0.70366705 0.06276476 0.04724151
2 0.95448785 0.65026427 0.05026910 0.02994213
2 0.89230469 0.55522569 0.02384549 0.02114583
2 0.95709852 0.63407986 0.04776910 0.02826003
2 0.77875326 0.59943480 0.03117405 0.02629244
2 0.79342448 0.47196181 0.00987413 0.00937114
2 0.78441732 0.48256366 0.00973307 0.01071373
2 0.89288411 0.54000000 0.02428819 0.01966049
0 0.77257704 0.50364776 0.00323568 0.01427083
2 0.79115560 0.47891397 0.01343967 0.00976466
2 0.85240126 0.65441937 0.02680339 0.02294367
2 0.95551215 0.73660494 0.07454861 0.04072531
2 0.95711372 0.67459877 0.05824653 0.03998457
2 0.86302409 0.73387924 0.06256727 0.05856867
2 0.86785916 0.60926505 0.02389540 0.01793596
2 0.84266493 0.74293403 0.06891059 0.05303627
2 0.95979926 0.81177469 0.08040148 0.04861111
