2 0.86941298 0.60556327 0.02666016 0.01308642
2 0.94358073 0.54083140 0.01993490 0.02045910
2 0.95599501 0.67353009 0.06143880 0.03601080
2 0.77300998 0.60743248 0.03303385 0.02785108
2 0.84710178 0.70139082 0.03367839 0.02840664
2 0.77692274 0.53599344 0.01563802 0.01918596
2 0.85618815 0.64559028 0.03445530 0.03584877
2 0.95059136 0.65617477 0.06005859 0.02528935
2 0.91930990 0.45751736 0.00281250 0.00435571
2 0.94838759 0.62034336 0.03313802 0.02487654
2 0.76829102 0.59179591 0.01490668 0.01236497
2 0.96413845 0.63280478 0.03631510 0.03226080
2 0.79796549 0.58437693 0.02713325 0.02350694
2 0.96135200 0.77111304 0.07700521 0.05267361
2 0.67645833 0.72971451 0.05062934 0.04695216
2 0.79062066 0.59637346 0.03354167 0.03353395
2 0.11088325 0.68822338 0.04737413 0.04375386
2 0.69016276 0.69612076 0.05172309 0.04504244
2 0.17504340 0.66560185 0.04823785 0.04311728
2 0.13996962 0.67720679 0.03974826 0.04236111
2 0.56934787 0.70883681 0.04248047 0.04770448
2 0.76362847 0.63466821 0.04062500 0.03377315
2 0.65713325 0.77089313 0.07689670 0.06470293
2 0.06571723 0.69821373 0.05283637 0.04922840
2 0.46874240 0.97341242 0.08445530 0.05214120
2 0.02493273 0.71567708 0.04712674 0.05511188
2 0.50191840 0.86522762 0.08394531 0.07219907
2 0.86748481 0.61869985 0.02609809 0.01976080
0 0.85876194 0.51659144 0.00382161 0.01693287
2 0.88537435 0.46193866 0.01229384 0.00929398
2 0.79036675 0.47848765 0.01590278 0.01364969
2 0.78433160 0.48362847 0.01118056 0.01413194
2 0.96059896 0.69240741 0.06606337 0.03138889
2 0.86909505 0.45716628 0.00603733 0.00593750
2 0.96715820 0.61668210 0.03196398 0.02491512
2 0.96674154 0.87496528 0.06608290 0.08120370
2 0.39622396 0.96934606 0.08033854 0.06053627
2 0.70629557 0.67520255 0.06383681 0.03442515
2 0.71072700 0.58855903 0.03346788 0.05206404
2 0.89470161 0.55456211 0.03039714 0.02701775
2 0.88831814 0.58374228 0.04397135 0.03134259
2 0.86656141 0.67583140 0.05199436 0.03420910
2 0.96379557 0.70704282 0.06954861 0.03781250
2 0.95518555 0.73525270 0.08339193 0.04021219
2 0.95282335 0.81147762 0.07461372 0.05341821
2 0.86554905 0.73255208 0.05874566 0.06842207
2 0.84225260 0.74155478 0.07292535 0.05641975
2 0.84107205 0.77396605 0.07596354 0.07322531
2 0.83651367 0.80277585 0.08238064 0.07442515
2 0.81676324 0.82768519 0.07866536 0.08102623
2 0.80680339 0.87300154 0.07832899 0.10443673
2 0.45080187 0.91232446 0.10630859 0.09242670
