2 0.26241645 0.38122492 0.09208984 0.06378472
2 0.23928385 0.43647569 0.09737847 0.07990355
2 0.53207899 0.63658951 0.16104167 0.15013117
2 0.28014865 0.27805941 0.07195964 0.05050926
2 0.27917209 0.32251157 0.06516710 0.03000000
7 0.40924588 0.12647569 0.11370443 0.11512731
2 0.50667535 0.52178048 0.12921875 0.09142361
2 0.06337131 0.20210262 0.02914714 0.03496914
2 0.29414063 0.20717785 0.04988281 0.03726466
2 0.29013238 0.22820409 0.04842882 0.03429398
2 0.65490885 0.94570216 0.24037326 0.10334105
2 0.19337348 0.51377894 0.08596571 0.16677083
3 0.09791667 0.83862847 0.12532118 0.13168596
2 0.49660156 0.57407022 0.12150608 0.10912037
