2 0.73529622 0.66410108 0.03889540 0.03430556
7 0.44274631 0.93195409 0.13439453 0.13295139
2 0.96198242 0.78950231 0.06975043 0.04407407
2 0.56549805 0.89758295 0.10582682 0.09672454
2 0.65457791 0.77995370 0.08374349 0.05355710
2 0.95765299 0.85597029 0.08425998 0.07919367
2 0.04877930 0.70116898 0.05820095 0.05403549
2 0.77363498 0.62045139 0.02318142 0.02942130
2 0.74045573 0.63969715 0.04783420 0.03582176
2 0.70595812 0.70828897 0.05005859 0.04324460
2 0.69953016 0.68238619 0.05449870 0.02025077
7 0.99323351 0.50821566 0.01353299 0.02062114
2 0.94926975 0.64944444 0.04211589 0.02959105
2 0.86692708 0.61492284 0.03076823 0.02510802
2 0.94748589 0.71181134 0.06261068 0.04108410
2 0.95000760 0.73646219 0.07017144 0.04407407
2 0.95652018 0.76335455 0.06218967 0.04556713
2 0.67241862 0.72640818 0.05367405 0.04446759
2 0.78408095 0.59576389 0.02923828 0.03064043
2 0.84840712 0.68101080 0.04193576 0.02484568
2 0.79498481 0.58629630 0.02631076 0.02266975
2 0.65531576 0.74593364 0.07026259 0.04251543
2 0.72330187 0.67764275 0.03361328 0.03956790
2 0.95102539 0.67434028 0.06574002 0.03477623
2 0.97920790 0.60147955 0.02475694 0.02651620
2 0.87091037 0.47393326 0.01081380 0.00887731
7 0.88801541 0.52243634 0.02741102 0.02204861
2 0.95640625 0.60882716 0.02497396 0.02483796
2 0.85540690 0.63124228 0.02676866 0.02395062
2 0.92524740 0.45605324 0.00931424 0.00766975
2 0.99895833 0.55058642 0.00198351 0.01293981
2 0.95841146 0.81303241 0.08109809 0.04631173
2 0.83928602 0.73347608 0.05462674 0.04855710
2 0.83151259 0.75961998 0.07605469 0.06498843
2 0.83172309 0.79510417 0.07395399 0.06424383
2 0.82415907 0.82610532 0.08319661 0.08440972
2 0.85465820 0.64564429 0.03062717 0.02243827
2 0.80735135 0.86382909 0.08908203 0.11802855
2 0.84195421 0.66809992 0.02260200 0.02511188
2 0.84231337 0.69747685 0.03311632 0.03785494
2 0.87063260 0.59927855 0.01802300 0.01547840
2 0.96511393 0.63480131 0.03492405 0.03263503
2 0.95915365 0.64209877 0.03645399 0.02945988
