2 0.76598307 0.62078897 0.03804253 0.02907793
2 0.95873372 0.80087577 0.08223741 0.07766975
2 0.87345486 0.56892168 0.01574219 0.02319059
2 0.85492513 0.64939429 0.03387804 0.02956790
2 0.99526476 0.52795139 0.00941840 0.00948302
2 0.86937066 0.45780093 0.00690538 0.00761574
2 0.78439996 0.47975502 0.01139974 0.01273534
2 0.79074761 0.47824267 0.01303168 0.01040509
2 0.86651476 0.62077160 0.02164497 0.01439043
0 0.80146918 0.72294753 0.00976128 0.03891204
2 0.00575955 0.79482446 0.01141927 0.04319059
2 0.82195095 0.82527971 0.07551649 0.07344522
2 0.81435981 0.87409915 0.08106771 0.09909336
2 0.95855686 0.86297840 0.08245226 0.07989969
2 0.66045464 0.74783951 0.06114366 0.04710648
2 0.64815321 0.78029321 0.08168837 0.06189815
2 0.51754449 0.88498843 0.10507161 0.08036265
2 0.28523655 0.95975309 0.08577691 0.07641975
2 0.07097548 0.70075039 0.05751519 0.04828318
2 0.45941732 0.96923611 0.07708550 0.05834105
2 0.65641927 0.95515046 0.07976128 0.08719136
2 0.50990017 0.77520448 0.05371962 0.06055556
2 0.16493815 0.66582562 0.04796658 0.04431327
2 0.11028320 0.68718943 0.04203776 0.04596836
2 0.02292209 0.70970486 0.04584418 0.06219522
2 0.71106445 0.71194059 0.05491970 0.04138889
2 0.73260959 0.66266782 0.04639540 0.03814429
0 0.98601454 0.67298418 0.01025825 0.03957176
2 0.79127062 0.58561921 0.03169488 0.02562114
2 0.70927517 0.67842785 0.06482639 0.02788194
2 0.96196615 0.63241705 0.03633681 0.02949460
2 0.84155165 0.67722415 0.03546875 0.03161651
2 0.83785807 0.69956404 0.03530816 0.03605710
2 0.87963650 0.55139082 0.01751085 0.01433256
2 0.93952582 0.53184992 0.02958116 0.03080633
2 0.67208442 0.72702932 0.05856554 0.04587191
2 0.93951172 0.51208140 0.01823785 0.01287423
2 0.77830729 0.59778356 0.03103299 0.02662423
2 0.96572591 0.61568287 0.03320095 0.02656636
2 0.84716471 0.51960262 0.01878689 0.01573302
2 0.94815972 0.70311343 0.06294705 0.04830247
2 0.99835178 0.54240548 0.00319661 0.01267361
2 0.84092882 0.52558835 0.01972656 0.01569830
2 0.68871636 0.68928819 0.04995877 0.03999614
2 0.86756402 0.60630594 0.01982856 0.01532793
2 0.88857205 0.47337191 0.01145833 0.00976852
2 0.61689887 0.63798225 0.02659288 0.03881173
2 0.95599392 0.59545718 0.03938368 0.02098380
2 0.83534939 0.76746142 0.06963108 0.06960648
2 0.84062391 0.74516397 0.06283203 0.06168596
2 0.86137261 0.73099344 0.05837891 0.06001929
2 0.86444770 0.63046296 0.02816623 0.02286265
2 0.88113607 0.60311150 0.03386502 0.03473380
2 0.95220269 0.66027585 0.05258681 0.04023534
2 0.94951606 0.64044753 0.04298177 0.02662809
2 0.96360569 0.76794753 0.07278863 0.05817901
2 0.95838976 0.74161073 0.07766059 0.04833719
2 0.80713433 0.97526235 0.14751519 0.04947531
2 0.89586589 0.51903935 0.01671441 0.02375772
2 0.99503581 0.53575617 0.00992839 0.01648920
2 0.81891819 0.53920332 0.02921658 0.01910108
2 0.82539822 0.53065779 0.02841797 0.01725694
2 0.75311957 0.62869213 0.04538411 0.02526235
2 0.75137695 0.64161073 0.04090495 0.03069830
2 0.76976020 0.60503279 0.03628255 0.02400849
2 0.73317274 0.65067708 0.04648872 0.02903164
2 0.95531141 0.71903742 0.05258898 0.04052083
