2 0.86759766 0.61011381 0.02191406 0.01771991
2 0.78115560 0.53235725 0.01418620 0.01744599
2 0.94737739 0.53529900 0.01688585 0.01587577
2 0.77236437 0.60860725 0.02503255 0.01567901
2 0.75458984 0.61638117 0.01564236 0.02391204
2 0.81908312 0.82823302 0.07514974 0.07397377
2 0.83333116 0.80312693 0.07489583 0.07755787
2 0.84291341 0.75179398 0.07035807 0.07531636
2 0.95405816 0.81492670 0.06909722 0.04797068
2 0.92503147 0.46103588 0.00775391 0.00873843
2 0.77907986 0.49218557 0.00809462 0.01103781
2 0.85981337 0.45909722 0.00906250 0.01161265
2 0.89450846 0.53870756 0.02215061 0.01873457
2 0.96826931 0.47051505 0.00915582 0.00649306
2 0.85699327 0.67649113 0.05266276 0.03033565
2 0.89320855 0.55514468 0.02411675 0.01953318
2 0.84515951 0.69968364 0.02850911 0.02094136
2 0.96152886 0.77326389 0.07669488 0.05364198
2 0.88767470 0.46366898 0.00912109 0.00773148
2 0.86461046 0.73642168 0.06220703 0.05695602
2 0.95804470 0.86671875 0.08351562 0.07911651
2 0.69091037 0.69769290 0.05131727 0.04607253
2 0.10934462 0.69174769 0.04208333 0.04273148
2 0.75502279 0.64286265 0.03530165 0.02967593
2 0.81316298 0.87609182 0.07621745 0.09594136
2 0.82350369 0.55097608 0.02702040 0.02085648
2 0.95616319 0.70743248 0.05842882 0.03910108
2 0.76705946 0.63361304 0.03500434 0.03021219
2 0.67915256 0.73116319 0.04818793 0.04590664
2 0.46396050 0.97163002 0.07029080 0.05559028
2 0.13954861 0.67860918 0.04199219 0.04418596
2 0.06622830 0.70024113 0.05376302 0.05258873
2 0.65773112 0.76365162 0.07960286 0.07847608
2 0.02505425 0.71630787 0.04857639 0.05557099
2 0.99583659 0.53674383 0.00789280 0.01980710
2 0.72679579 0.66288387 0.06105252 0.05052083
2 0.25820095 0.96671682 0.08447917 0.06579475
2 0.39825304 0.97065779 0.08307726 0.05791281
2 0.85824110 0.64768711 0.03693793 0.03693287
2 0.78825195 0.59702739 0.03557943 0.02990355
2 0.66169813 0.95812114 0.07645616 0.07984568
2 0.79149197 0.47965664 0.01628255 0.01203704
2 0.96209418 0.67401042 0.05036458 0.03422454
2 0.96138346 0.74027199 0.07216797 0.04514275
2 0.77705078 0.62338349 0.02939670 0.03100309
2 0.78530707 0.48509838 0.01049696 0.01113040
2 0.79681532 0.50562886 0.02141710 0.02143519
2 0.96382704 0.63311728 0.03817057 0.03125000
