2 0.96231554 0.82043017 0.07536892 0.05643904
2 0.65478733 0.74894097 0.06632813 0.04797454
2 0.94332140 0.46927855 0.01804036 0.01525463
2 0.87833442 0.59829861 0.03048828 0.02027006
2 0.96366645 0.76640239 0.07266710 0.05282022
2 0.85423828 0.72528935 0.05570747 0.04501543
2 0.83904514 0.76700424 0.06043403 0.06602238
2 0.83415039 0.79131173 0.08912977 0.07983025
2 0.82537218 0.83092593 0.08845703 0.08222994
2 0.58411567 0.70488040 0.04275391 0.04945988
2 0.85591146 0.66881173 0.02462674 0.02126543
2 0.87329536 0.61305170 0.03597873 0.01972222
2 0.90136827 0.44989969 0.01209418 0.00689815
2 0.81106120 0.47479745 0.00917969 0.00811343
2 0.95803819 0.61174383 0.03625000 0.01653549
2 0.71647895 0.50098380 0.01017144 0.01174383
2 0.94986437 0.64149691 0.04890408 0.03240741
2 0.96141927 0.62043981 0.03125434 0.01814043
2 0.94924479 0.60503472 0.03750868 0.01702160
2 0.86335395 0.63130401 0.03280599 0.02006173
2 0.95442057 0.68131752 0.05921875 0.03233410
2 0.88943685 0.55468171 0.03199870 0.02293596
2 0.85873698 0.75542438 0.04796875 0.05366512
2 0.96283529 0.74392554 0.07396484 0.04014275
2 0.95368056 0.70589699 0.05986545 0.04383873
2 0.75452148 0.64367091 0.04537543 0.02869213
2 0.95954644 0.86529128 0.08055556 0.08115355
2 0.78920139 0.52617477 0.01302083 0.01660880
2 0.81005100 0.86722801 0.07814453 0.08116127
2 0.17576606 0.95045718 0.09784288 0.09542052
2 0.13102322 0.68147569 0.04983724 0.04144676
2 0.09183811 0.69301119 0.05306858 0.04347608
2 0.41890299 0.95348573 0.07522352 0.08985725
2 0.05163194 0.70307099 0.05371094 0.05270833
2 0.01518012 0.71985725 0.03029948 0.05439815
2 0.65202474 0.77893519 0.07539062 0.06563272
2 0.69722114 0.68016397 0.05729384 0.02673225
2 0.69821615 0.70622106 0.04994792 0.04119985
2 0.20748047 0.94855517 0.03380208 0.09058256
2 0.17737847 0.65843364 0.04595920 0.04476852
2 0.82695095 0.54425733 0.02979167 0.01927083
2 0.83314779 0.53139082 0.02479818 0.01816744
2 0.68543511 0.73086806 0.04735894 0.04598765
2 0.79079319 0.59814236 0.03274089 0.02568287
2 0.73853190 0.65972994 0.04706380 0.04328704
2 0.77345269 0.62784915 0.02333333 0.02358410
0 0.98585069 0.61239005 0.00809462 0.02758102
2 0.94802083 0.54072531 0.02473090 0.01906636
2 0.07436089 0.84527006 0.07327040 0.07663580
2 0.02125651 0.81786458 0.04170573 0.07548225
2 0.72469944 0.67805363 0.03246745 0.03851466
2 0.78377279 0.58450810 0.03925130 0.02283565
2 0.79023546 0.46772762 0.01162543 0.00937500
2 0.78488824 0.48110340 0.01376519 0.01023148
2 0.77785807 0.60709684 0.02703993 0.02645448
2 0.86743490 0.71850116 0.05565104 0.05470293
2 0.94767361 0.52100309 0.02198785 0.01537809
2 0.78297743 0.48605710 0.01063368 0.01033179
2 0.89105577 0.46165509 0.00977648 0.00763889
2 0.77567383 0.49199460 0.00870443 0.00841049
2 0.86970486 0.65194252 0.04582031 0.03414738
