2 0.00688477 0.72161073 0.01366102 0.04082948
2 0.93908854 0.52827932 0.03209635 0.01763889
2 0.77099284 0.49689622 0.00921658 0.01160108
2 0.79444336 0.58607639 0.02775825 0.02222222
2 0.67590061 0.72664738 0.04622396 0.04408179
2 0.95843750 0.63857832 0.03611979 0.03491127
2 0.99517687 0.53454090 0.00921224 0.02405864
0 0.28910373 0.98678434 0.01289062 0.02565972
2 0.69960503 0.68228009 0.05560764 0.02214506
2 0.51118164 0.76307485 0.04853516 0.06103395
2 0.78123915 0.59738040 0.03582899 0.02838735
7 0.99331923 0.51006944 0.01328776 0.01172840
2 0.73253581 0.66021605 0.04350043 0.04155093
2 0.93997830 0.53801312 0.02891493 0.01861883
2 0.82883572 0.53270062 0.02798394 0.01999228
2 0.76366319 0.62159336 0.04425347 0.02887346
2 0.74068034 0.63955826 0.05037543 0.03633102
2 0.76942817 0.60526042 0.04245877 0.02306713
2 0.98079970 0.60074653 0.02136936 0.02450231
2 0.81161241 0.54785494 0.02502170 0.02049383
2 0.70493815 0.70874228 0.05209852 0.04378858
7 0.82681315 0.43115741 0.02022786 0.02316358
2 0.95941189 0.76179012 0.05830295 0.03939815
2 0.85573568 0.63315394 0.02720486 0.02589120
2 0.86676541 0.61548611 0.02156901 0.01794753
0 0.98845486 0.63989198 0.00607205 0.03398920
2 0.88434136 0.46032600 0.01394314 0.00856867
2 0.96363064 0.61611690 0.03909288 0.02499614
2 0.84092014 0.52765432 0.01997396 0.01841049
0 0.99302951 0.53870949 0.00522569 0.01901620
0 0.05733290 0.65030478 0.01374132 0.04279321
2 0.84327257 0.66799190 0.02452691 0.02422454
2 0.12962023 0.68079668 0.05069878 0.04222608
0 0.60867296 0.73001543 0.00917318 0.04750772
2 0.46404948 0.96376543 0.09355903 0.06854938
2 0.64804362 0.76605324 0.08584418 0.08118056
2 0.95587674 0.85708526 0.08781250 0.07994985
2 0.09199436 0.69242477 0.04694444 0.04825231
2 0.96089844 0.80642361 0.07820312 0.05962963
2 0.99627930 0.58244213 0.00708116 0.02055556
2 0.84242947 0.77532215 0.07496745 0.07224923
0 0.16311740 0.67079090 0.00708984 0.04155864
2 0.65474826 0.74162423 0.06607205 0.03148920
2 0.83929470 0.71545139 0.03219618 0.02472994
2 0.96225152 0.65996335 0.03639974 0.02434799
2 0.78273329 0.48073881 0.01035373 0.01161651
2 0.87198893 0.59981674 0.02069661 0.01616127
2 0.84934136 0.68125579 0.04077474 0.02261188
2 0.71465929 0.67643904 0.04793837 0.04454475
2 0.95076063 0.66902585 0.06986328 0.02959491
2 0.95181532 0.68569637 0.07337891 0.03876157
2 0.95099392 0.70132716 0.05954861 0.04751543
2 0.94840169 0.73357060 0.08145616 0.05110725
2 0.83970920 0.73177662 0.05523003 0.03945602
2 0.82823568 0.79409336 0.07515191 0.05559414
2 0.83176541 0.83354745 0.08221137 0.07621528
2 0.81751736 0.86044753 0.09961372 0.10580247
