7 0.99858615 0.57145640 0.00272786 0.04133873
2 0.81754123 0.50481096 0.00945312 0.01103395
2 0.96063911 0.51734954 0.01912109 0.01581790
2 0.97428711 0.73509452 0.05120877 0.05319830
2 0.89663845 0.46210841 0.00507812 0.00609954
2 0.88460938 0.62056906 0.02794271 0.01550540
2 0.74453559 0.56272184 0.01898872 0.02657022
2 0.69665799 0.60057485 0.02522569 0.03766204
2 0.96284071 0.53556520 0.02998264 0.01846836
2 0.95950412 0.54329668 0.03175564 0.02342207
2 0.97080838 0.61762153 0.04396918 0.02665509
2 0.96584310 0.64499807 0.05430339 0.03025849
2 0.97431098 0.66661265 0.05137804 0.04034722
2 0.86726780 0.69038580 0.05085938 0.03890432
2 0.86461589 0.78868056 0.07498698 0.07365741
2 0.85978624 0.81951968 0.08522786 0.09082948
2 0.85030382 0.85245949 0.07618490 0.09134645
2 0.83279622 0.88773148 0.09018880 0.10794753
2 0.87272678 0.66987076 0.03686849 0.02554398
2 0.88452365 0.46206404 0.00657769 0.00683642
2 0.97237088 0.69862847 0.05501953 0.04891590
2 0.88763238 0.59902585 0.02033420 0.01872299
2 0.80383898 0.48768711 0.01299913 0.01169367
2 0.85955404 0.70264468 0.02120009 0.02001929
2 0.73906467 0.68478202 0.03238715 0.03891590
2 0.79790799 0.61226852 0.02604167 0.02462191
2 0.97555990 0.77133295 0.04871962 0.03437114
2 0.86661458 0.74886188 0.06684462 0.04722222
2 0.75880859 0.65683256 0.04458333 0.03354938
2 0.97676324 0.79741127 0.04611762 0.04172840
2 0.80883898 0.60684992 0.02921875 0.02613040
2 0.97726128 0.87856481 0.04509115 0.05764660
2 0.63170898 0.94853009 0.11717231 0.10135802
2 0.65833116 0.78073881 0.08174479 0.05788194
2 0.12879340 0.69179012 0.04996094 0.04164352
2 0.59584635 0.94760610 0.04644097 0.09861497
2 0.69024848 0.73543596 0.05636068 0.04670525
2 0.26484918 0.91605517 0.07272786 0.08493441
2 0.06150716 0.70873071 0.05279297 0.05070988
2 0.48991753 0.96684606 0.07762587 0.06225694
2 0.15794379 0.68084105 0.03973307 0.04102623
2 0.77909288 0.63781636 0.03572049 0.03358796
2 0.02456055 0.71923997 0.04841363 0.05939043
2 0.83872396 0.55431134 0.03066840 0.01923997
2 0.20666124 0.65904128 0.04222439 0.03989583
2 0.77149740 0.65835262 0.01925781 0.03489969
2 0.71556749 0.71455247 0.05213759 0.04496914
2 0.85108181 0.53807677 0.02743707 0.02126929
2 0.75018555 0.67201775 0.04719835 0.03480710
2 0.85520074 0.71814236 0.03945095 0.03006559
2 0.72754232 0.68045139 0.05367839 0.02462963
2 0.79295573 0.62133873 0.02015625 0.02702932
2 0.80971680 0.58689236 0.03195530 0.02763503
2 0.86768555 0.51935185 0.02297526 0.01390432
2 0.86417101 0.52924961 0.01867188 0.01494213
2 0.96625109 0.54540123 0.02061849 0.01832562
2 0.98924479 0.63537423 0.02145399 0.03074846
2 0.97574436 0.83404707 0.04828559 0.04246142
2 0.79652995 0.59543403 0.03271267 0.01846065
2 0.90810330 0.46548032 0.01226128 0.00839120
