2 0.96598307 0.87032600 0.06766927 0.07364583
2 0.02388780 0.71214120 0.04469835 0.05368056
2 0.71018446 0.70700424 0.05415799 0.05008102
2 0.45477322 0.95049961 0.06376953 0.09556713
2 0.71208984 0.67596451 0.04451389 0.03383488
2 0.72173720 0.55971644 0.02870443 0.04729552
2 0.79159505 0.58415509 0.03705295 0.02746914
2 0.76715929 0.60441937 0.04031250 0.02871528
2 0.67872287 0.73114776 0.04426866 0.04549769
2 0.73596680 0.65847222 0.05399523 0.04391204
2 0.48275933 0.72711034 0.06748047 0.07147377
0 0.63003906 0.95341821 0.01461806 0.07415123
2 0.52042426 0.90035880 0.10882161 0.08542438
