2 0.67340278 0.72934414 0.05175347 0.04450617
2 0.96171658 0.81859761 0.07615017 0.05267361
2 0.71503689 0.67397569 0.05150174 0.03730324
2 0.78761393 0.52673997 0.01218533 0.01746914
2 0.84095486 0.84084684 0.07908854 0.08960262
2 0.76467665 0.62180363 0.03398003 0.02667824
2 0.96041775 0.85652392 0.07876085 0.07636574
2 0.80751953 0.49046103 0.01280816 0.01373071
2 0.76419379 0.54236883 0.01846137 0.02578704
2 0.78519640 0.57954282 0.04389106 0.02712577
2 0.76164931 0.61051890 0.05067274 0.03214892
2 0.80340603 0.85508873 0.08163845 0.08541667
2 0.83037001 0.79793981 0.07521918 0.06512346
2 0.83924371 0.77087770 0.08742839 0.06367670
2 0.84526801 0.74396026 0.07505425 0.06309799
2 0.85226780 0.70502894 0.06430990 0.05123071
2 0.96134223 0.77709877 0.07731554 0.03675926
2 0.95792318 0.75437886 0.08415365 0.03125772
2 0.95760742 0.73469715 0.07147352 0.02836806
2 0.95435872 0.71313465 0.06595269 0.02865355
2 0.95239583 0.69692515 0.06430990 0.02981481
2 0.94624457 0.60842593 0.04514540 0.02498457
2 0.99736111 0.54816165 0.00527778 0.02181713
2 0.70130534 0.68788002 0.06081814 0.03268904
2 0.87892253 0.60342400 0.03735460 0.02339892
2 0.89751411 0.50614583 0.02379991 0.01329475
2 0.77614475 0.60501543 0.02886068 0.02291667
2 0.94879883 0.65588156 0.05214193 0.04257330
2 0.85303168 0.67923032 0.02651910 0.01800540
2 0.85769965 0.63401427 0.02934028 0.03098380
2 0.74621094 0.53820023 0.01398438 0.01369213
2 0.83411892 0.52854745 0.02409288 0.01655478
2 0.73834093 0.64173804 0.05995009 0.03880015
2 0.78592014 0.59423418 0.03252170 0.02434799
2 0.81485786 0.54794753 0.02623915 0.01834877
2 0.74376845 0.66739198 0.03799696 0.03357253
2 0.65351780 0.76337191 0.07147569 0.07351852
2 0.69787869 0.70988619 0.05630859 0.04181713
2 0.95422960 0.62716821 0.03272135 0.02532407
2 0.66619466 0.79827932 0.07361328 0.06502315
