3 0.97382704 0.60379823 0.01255425 0.03124614
2 0.99918511 0.55853974 0.00153429 0.00992670
2 0.86795030 0.61022377 0.02616102 0.01885802
2 0.88737413 0.46330440 0.01375868 0.00954090
2 0.63191406 0.62363619 0.02508681 0.03240355
2 0.77685330 0.53836227 0.01354167 0.01741127
2 0.94463976 0.54325617 0.01962240 0.01971451
2 0.99882161 0.54199846 0.00226562 0.01064043
2 0.78765516 0.52790509 0.01278429 0.01614198
2 0.95458442 0.67081597 0.06063585 0.04163966
2 0.96081814 0.64246914 0.03376736 0.03026235
2 0.96633572 0.62850116 0.02914280 0.02856867
2 0.01984592 0.81198302 0.03959201 0.06119599
2 0.69996745 0.71384259 0.05728733 0.04216049
2 0.85471137 0.66881752 0.03246962 0.03854552
2 0.73192817 0.66206404 0.06195095 0.04613426
2 0.87929905 0.55673225 0.01869358 0.01624228
2 0.67867730 0.73194830 0.04916016 0.04759259
2 0.89881727 0.50974730 0.01384983 0.01397762
2 0.42335937 0.95284915 0.09595052 0.09302855
0 0.77245226 0.69082948 0.01137587 0.04102623
2 0.70736654 0.69100887 0.04157769 0.03555941
2 0.83259874 0.53637539 0.03040148 0.02220293
2 0.36157661 0.89213927 0.09007161 0.09252701
2 0.03813911 0.70277585 0.07598741 0.05413966
2 0.78491753 0.60646991 0.03677517 0.03358025
2 0.76214518 0.63100502 0.04685113 0.03667824
2 0.54808811 0.68652199 0.04260851 0.05007330
2 0.48501085 0.96446566 0.07853733 0.06963349
2 0.96703016 0.87326775 0.06555339 0.07966049
2 0.65773872 0.75378665 0.06055556 0.05336034
2 0.95856337 0.72632137 0.05782552 0.04586034
2 0.12206923 0.68489198 0.04159505 0.04313272
2 0.78759006 0.58826389 0.03453776 0.02519290
2 0.01068468 0.72735340 0.02124349 0.04897377
2 0.15807292 0.67280671 0.04259115 0.04407793
2 0.96396267 0.78938657 0.07072049 0.03726852
2 0.68726562 0.96627701 0.09498264 0.06643519
2 0.78867296 0.48234954 0.01790148 0.01396605
2 0.89464952 0.53364969 0.01977648 0.01650463
2 0.94615777 0.64907986 0.03840061 0.02920139
2 0.89277778 0.54689043 0.01547743 0.01467593
2 0.86482096 0.63573688 0.03330946 0.03757716
2 0.09054145 0.70010417 0.05616970 0.06084105
2 0.96187066 0.81869213 0.07625868 0.04980710
2 0.96209093 0.76204282 0.07581814 0.05704861
2 0.85471571 0.71176505 0.06496962 0.05970293
2 0.84812500 0.74887153 0.06873698 0.06360725
2 0.83180447 0.76979552 0.07564019 0.06416667
2 0.82835178 0.79769676 0.08631293 0.08537037
2 0.82678277 0.83117477 0.08254557 0.08648534
2 0.81124457 0.87246335 0.09228082 0.10545910
