2 0.96383681 0.76234761 0.07197483 0.03892361
0 0.96954753 0.57081211 0.00626085 0.02253472
2 0.95956706 0.68078511 0.05627387 0.02187114
2 0.89217448 0.54424190 0.02215278 0.01872299
2 0.95609158 0.71371721 0.06645833 0.06456404
2 0.84187717 0.72243441 0.05883247 0.03809414
2 0.83025608 0.76730517 0.07335938 0.06843750
2 0.83624783 0.85540123 0.09478733 0.11821759
2 0.80882813 0.87799769 0.09224392 0.11563272
2 0.68408095 0.95808835 0.08824870 0.07683256
2 0.95645508 0.66248264 0.04618707 0.02607639
2 0.88701606 0.46002894 0.01417535 0.01375386
2 0.95427626 0.56524691 0.02018012 0.02479167
2 0.85909722 0.65671875 0.02075521 0.01437114
2 0.84437174 0.69982639 0.03399957 0.02262346
2 0.09333116 0.69803819 0.06161458 0.03984954
2 0.67455404 0.72381173 0.05082682 0.03875772
2 0.86690430 0.61168017 0.02600477 0.01439429
2 0.94436957 0.54129630 0.01938151 0.01918210
2 0.79006402 0.51361690 0.01282335 0.01731096
2 0.85895182 0.64266011 0.03173611 0.02316744
2 0.96644640 0.62790316 0.02843967 0.02866898
2 0.42875543 0.88228974 0.09603082 0.08711034
0 0.52644857 0.95980324 0.01539714 0.07851080
2 0.85046441 0.57243248 0.03718750 0.02759645
2 0.41969727 0.96109568 0.07751953 0.07297840
2 0.75909071 0.63245177 0.04817274 0.03461806
2 0.64814236 0.77986690 0.07743490 0.05864583
2 0.68506293 0.75199267 0.05455295 0.05472608
2 0.12277778 0.68379437 0.04008247 0.04318287
2 0.96139648 0.86747299 0.07682943 0.08430556
2 0.85291884 0.67656636 0.03553819 0.02934414
7 0.03814996 0.70184221 0.07518446 0.05552083
2 0.78311740 0.59840085 0.04109158 0.03242670
2 0.15660373 0.67224151 0.04305556 0.04084877
2 0.86637804 0.62561728 0.02804253 0.02049383
2 0.70533312 0.71236497 0.04583984 0.04392747
2 0.85338867 0.74908951 0.05933811 0.05027778
2 0.01082682 0.72543596 0.02153212 0.04750000
2 0.95752170 0.79937886 0.08448351 0.05824846
2 0.86502821 0.51101466 0.01155816 0.01526235
2 0.88824653 0.55866512 0.02225694 0.01587963
2 0.87307617 0.59562114 0.02173394 0.02129630
2 0.95371853 0.64322724 0.02464193 0.01770448
2 0.78874783 0.48133873 0.01777778 0.01363426
