2 0.85632595 0.68271798 0.03827691 0.02927083
2 0.86307943 0.67195795 0.04390625 0.03277392
2 0.85864692 0.65306906 0.02941189 0.01801312
2 0.86547201 0.64268904 0.02730252 0.01776235
2 0.85963216 0.63405864 0.03644748 0.02601852
2 0.86470595 0.60530285 0.02929036 0.02205633
2 0.89396050 0.55556906 0.03150174 0.02140818
2 0.89584527 0.53675926 0.02991970 0.01837963
2 0.82314019 0.78546103 0.06111111 0.03601466
2 0.83833333 0.76985340 0.08542101 0.06602623
2 0.77864475 0.49042824 0.00633898 0.00825617
2 0.86801324 0.47615934 0.01195530 0.00974151
2 0.99812283 0.54857639 0.00364583 0.01391204
2 0.93991536 0.51861111 0.01909722 0.01432870
2 0.95828559 0.63079475 0.02733941 0.02857253
2 0.78160373 0.48281250 0.01471354 0.01374228
2 0.71946289 0.67219136 0.04360460 0.03672068
2 0.78939779 0.58344136 0.02705512 0.02154321
2 0.84563368 0.74385031 0.06823785 0.05275463
2 0.78646701 0.59496914 0.03147135 0.02428241
2 0.96022569 0.85907407 0.07919271 0.07715278
2 0.77710937 0.60852816 0.02922743 0.02562886
2 0.81581489 0.55092978 0.02643880 0.01983796
2 0.83458116 0.52981674 0.02562066 0.01660108
2 0.74438151 0.66768133 0.03694878 0.03583333
2 0.89472222 0.50738040 0.01734809 0.01302469
2 0.70375326 0.71089313 0.05746745 0.04416281
2 0.67790690 0.73042631 0.04378255 0.04367670
2 0.09300564 0.69315201 0.04391059 0.04461420
2 0.65664931 0.75612461 0.06777344 0.05472608
2 0.66669705 0.79940972 0.07437500 0.06396605
2 0.54254232 0.92586806 0.10480686 0.08916667
2 0.95623481 0.73660108 0.07900608 0.03721451
2 0.80514431 0.86384452 0.07799262 0.09962577
2 0.83233181 0.83783758 0.06146484 0.08323688
2 0.95634006 0.81493056 0.08731988 0.05702160
2 0.95853516 0.78191744 0.08292969 0.04021605
2 0.95623372 0.75791088 0.07968099 0.03541281
2 0.42058811 0.84766975 0.06970486 0.07371914
2 0.57736871 0.88261381 0.08354818 0.09815201
2 0.47177409 0.74543210 0.05621311 0.06343364
2 0.77769097 0.50247492 0.01553819 0.01427083
2 0.78146376 0.51547261 0.01142578 0.01618441
2 0.00324327 0.73271026 0.00644748 0.03357639
2 0.95585069 0.67685764 0.05310330 0.02974923
2 0.99576280 0.53502315 0.00838325 0.01546296
2 0.72597548 0.64943480 0.04395616 0.02152392
2 0.94830078 0.71439429 0.07529080 0.02881173
2 0.94779297 0.69968557 0.07225260 0.03301312
2 0.84574110 0.70247106 0.03640408 0.04313657
2 0.86801324 0.61727045 0.02497613 0.02005787
2 0.95345052 0.65596065 0.04389757 0.02523920
2 0.86565755 0.59150656 0.02524306 0.01772762
