2 0.23995226 0.43704861 0.09812066 0.07964506
2 0.19552843 0.51504630 0.08318793 0.16495370
2 0.26186089 0.38213349 0.09405599 0.06558642
7 0.38674805 0.15250000 0.05954644 0.04688272
2 0.29155382 0.23619792 0.05253906 0.03803627
2 0.29537977 0.19059799 0.03339410 0.01348765
2 0.28007270 0.28208719 0.07152995 0.05481481
2 0.28907878 0.21488619 0.03889540 0.02193287
2 0.52906793 0.64096836 0.15159071 0.14265432
2 0.50380208 0.52938657 0.12645399 0.10287037
2 0.47458116 0.45620949 0.10195747 0.08154707
