2 0.26163520 0.36636574 0.08969401 0.03286265
2 0.29107530 0.23761960 0.05208116 0.03925926
2 0.25591254 0.31325810 0.06777561 0.05243441
2 0.28067925 0.28856289 0.05980903 0.04821373
2 0.49801107 0.52915509 0.12368273 0.10336420
2 0.19659614 0.51614583 0.08111762 0.16436728
2 0.24276476 0.43705440 0.09982639 0.08251929
2 0.51919922 0.57897184 0.12143663 0.12419367
3 0.09635200 0.84256752 0.12235677 0.12062886
2 0.43777669 0.35449267 0.07366102 0.06671682
2 0.25004666 0.40112654 0.10607856 0.06867284
2 0.30086806 0.20288966 0.02918837 0.02309414
2 0.09163086 0.28441165 0.05281033 0.01798997
2 0.29337131 0.20745177 0.04653863 0.03336034
