2 0.29891168 0.23483410 0.05408203 0.04000000
2 0.19490885 0.50982060 0.08289497 0.18173997
2 0.26389323 0.33776813 0.07902778 0.05470293
2 0.41045139 0.21662230 0.02052951 0.03139275
2 0.29797852 0.19667631 0.04308811 0.03191744
2 0.53644965 0.63316358 0.15069878 0.14655864
2 0.24490234 0.42547261 0.10680556 0.09932485
2 0.29141385 0.21638696 0.04928168 0.03168596
7 0.39341254 0.13786265 0.01902995 0.04035494
2 0.48484484 0.52456404 0.12274089 0.08877315
2 0.26243707 0.37818866 0.09267795 0.06189429
2 0.49572266 0.57619599 0.12060764 0.11652778
