2 0.19407661 0.51596065 0.08502821 0.16361883
7 0.06859701 0.13947531 0.03245877 0.05883488
3 0.09614583 0.84024884 0.12515191 0.11607639
2 0.26222439 0.38088927 0.09345486 0.06658565
2 0.50076714 0.58120756 0.12286675 0.12263117
2 0.47738390 0.47599923 0.10388238 0.09008488
2 0.28697808 0.26326968 0.06827474 0.04189429
7 0.34765082 0.12584298 0.04146050 0.03734182
2 0.49334093 0.51624614 0.09347873 0.08414352
2 0.29549045 0.19978202 0.04140625 0.03052855
2 0.29239149 0.21603202 0.04956163 0.03252701
