2 0.32303279 0.32512635 0.11970492 0.12743682
2 0.17240984 0.94229242 0.18298361 0.11541516
2 0.35901639 0.84850181 0.17908197 0.20927798
2 0.78981967 0.75010830 0.17629508 0.16339350
5 0.34091803 0.11462094 0.57193443 0.20425993
2 0.52291803 0.35608303 0.14727869 0.13137184
2 0.90750820 0.44687726 0.16157377 0.13989170
2 0.61311475 0.37205776 0.17081967 0.14303249
2 0.91418033 0.64296029 0.17163934 0.17162455
2 0.66304918 0.61561372 0.15790164 0.14891697
2 0.14362295 0.67561372 0.21832787 0.17231047
2 0.78132787 0.52512635 0.15872131 0.15501805
2 0.32824590 0.55830325 0.20934426 0.17581227
2 0.64836066 0.87817690 0.18767213 0.15216606
0 0.98781967 0.07563177 0.02436066 0.08570397
