0 0.50312109 0.13664583 0.01242969 0.04056944
2 0.86369531 0.57818056 0.07532813 0.06536111
2 0.37162891 0.91013889 0.13455469 0.15297222
2 0.62510938 0.39959722 0.07079688 0.08588889
2 0.86655859 0.52778472 0.09736719 0.08959722
2 0.65162891 0.30496528 0.06144531 0.06087500
2 0.23922266 0.44297222 0.04861719 0.08700000
2 0.28708203 0.39060417 0.04867969 0.07001389
2 0.11213672 0.50608333 0.05314844 0.10338889
2 0.00883594 0.81724306 0.01756250 0.12226389
2 0.06476172 0.71049306 0.05108594 0.12212500
2 0.05041016 0.58329861 0.05205469 0.11254167
2 0.42646094 0.76310417 0.11079687 0.11998611
2 0.51094922 0.48369444 0.07927344 0.07386111
2 0.54934375 0.75568056 0.07739063 0.11669444
2 0.25152734 0.33625000 0.04366406 0.07136111
2 0.51763281 0.90514583 0.10398438 0.17134722
2 0.61236719 0.47877083 0.06696875 0.08579167
2 0.58023828 0.64543750 0.08386719 0.11120833
2 0.59573438 0.55333333 0.07396875 0.09569444
5 0.56100000 0.09540278 0.15826563 0.10669444
0 0.98769531 0.50752083 0.01373437 0.01934722
2 0.86488672 0.37991667 0.06053906 0.05827778
2 0.86028125 0.31463889 0.06296875 0.04977778
2 0.12827344 0.55825694 0.04007812 0.05429167
2 0.19356250 0.49733333 0.04821875 0.05386111
2 0.29278125 0.28955556 0.04745313 0.06422222
2 0.74671484 0.37680556 0.04142969 0.06994444
2 0.50828906 0.54877083 0.06598438 0.06304167
